../data/inhabited/0018.jpg	7	1131 385 92 62	1217 387 115 55	1410 390 83 52	1592 348 145 66	1568 4 148 70	1410 543 76 52	1421 589 52 46
../data/inhabited/0032.jpg	17	632 686 85 56	528 644 59 60	486 697 85 57	380 778 78 52	312 710 65 55	159 643 82 58	113 859 51 51	113 927 96 61	13 766 50 57	503 277 99 48	523 181 73 54	631 150 54 75	502 117 61 45	452 24 75 54	152 1154 66 28	3 1074 67 52	1 1106 50 60
../data/inhabited/0034.jpg	13	276 214 76 69	385 296 49 51	1306 657 82 69	1251 641 70 53	1321 245 71 55	1377 204 53 46	1264 470 82 56	1121 693 64 35	1797 1134 70 49	1318 1053 54 57	1119 1095 69 67	788 408 54 43	1637 623 71 43
../data/inhabited/0001.jpg	17	385 97 94 133	663 80 90 63	796 156 89 52	852 52 123 80	439 273 110 64	548 237 62 104	1360 232 211 82	1435 548 114 74	1646 277 112 65	1657 204 79 77	1828 198 157 71	1937 490 48 65	1618 839 146 83	1595 599 211 118	355 43 155 70	508 39 135 57	1690 91 72 55
../data/inhabited/0007.jpg	1	1399 946 71 52
../data/inhabited/0020.jpg	32	864 617 135 160	1270 679 125 140	1360 564 135 146	1259 468 136 150	1457 665 78 123	1528 714 62 80	1385 813 54 56	1452 864 44 45	1203 902 60 51	1645 1039 122 92	1766 1084 105 83	1856 1026 77 104	1904 791 76 84	1856 647 74 85	1551 477 127 121	1429 359 154 157	1441 168 91 128	1503 217 62 71	1371 71 66 81	1289 182 69 83	1220 163 107 132	1166 93 47 68	937 166 82 93	1601 269 124 159	1699 311 70 86	1740 426 81 107	1886 522 99 158	1950 617 35 104	1859 227 60 80	1839 175 49 54	1763 104 60 43	1929 1 56 79
../data/inhabited/0017.jpg	4	726 306 122 66	1443 543 58 103	1446 631 63 130	1391 945 63 42
../data/inhabited/0023.jpg	7	181 160 101 99	279 180 59 71	354 45 62 74	494 45 86 71	365 385 77 48	167 1126 59 50	1343 1126 51 59
../data/inhabited/0031.jpg	35	57 417 51 70	41 256 74 43	480 130 96 86	670 80 99 63	685 46 62 44	1085 518 63 57	915 585 107 98	303 895 61 58	355 1030 62 66	408 1089 50 48	449 1081 63 48	612 988 52 51	646 985 63 77	554 1140 85 38	413 1144 62 28	894 1010 75 60	839 951 48 60	1520 811 91 69	1603 783 78 43	1839 739 84 62	1741 490 77 50	1853 483 73 47	1940 405 45 51	1615 467 73 46	1612 422 71 55	15 873 49 55	26 825 43 57	51 845 64 59	1917 242 60 52	1771 251 69 58	1769 175 71 47	1268 1075 60 80	1220 1140 63 42	354 585 60 60	764 257 57 56
../data/inhabited/0013.jpg	1	1610 191 73 60
../data/inhabited/0009.jpg	3	243 438 43 40	180 421 44 42	139 415 39 40
../data/inhabited/0029.jpg	24	85 33 96 118	1100 25 87 104	1298 464 57 69	1348 464 77 113	1715 181 116 194	1708 119 50 66	1736 2 76 136	1839 22 146 231	1607 602 85 62	1707 661 108 103	1589 685 100 93	1923 867 49 82	1228 1047 79 59	1287 1018 69 83	1326 974 118 91	814 1148 82 28	236 912 122 55	82 797 117 125	198 660 118 88	192 578 116 105	94 557 90 112	237 287 105 83	443 312 94 63	267 237 72 46
../data/inhabited/0003.jpg	9	637 304 80 71	1023 164 100 63	1093 277 77 70	1198 287 99 86	1643 360 99 111	831 1052 90 68	780 859 52 54	853 399 54 47	1209 49 46 55
../data/inhabited/0019.jpg	16	107 819 131 81	1029 384 68 63	1119 409 71 89	1348 200 99 123	1530 354 111 112	1817 557 148 154	1752 625 141 130	1452 656 85 91	1486 687 77 84	1612 782 66 71	1607 805 95 93	1638 829 84 92	1663 861 85 88	1626 984 146 171	1774 931 139 146	1926 749 58 154
../data/inhabited/0027.jpg	27	740 21 71 97	66 167 77 68	46 229 96 74	21 190 55 60	592 714 72 106	685 731 71 87	937 265 59 72	1026 284 49 61	1433 100 182 102	1362 430 60 49	1377 324 90 116	1307 747 91 88	1401 515 63 84	1393 576 99 79	1908 504 64 92	1892 316 78 93	1816 203 63 68	1366 938 82 78	1738 857 77 59	1388 1049 104 68	1284 1074 58 66	1125 871 90 75	1194 778 91 84	1058 836 76 60	1665 571 62 68	1705 512 67 53	1708 969 62 67
../data/inhabited/0011.jpg	6	1791 98 97 64	1903 409 79 68	1898 451 59 52	1928 471 57 71	1940 564 44 93	1785 1057 91 109
../data/inhabited/0033.jpg	17	153 29 54 58	234 53 54 51	265 11 54 63	192 92 62 60	240 193 62 70	460 102 50 57	567 38 54 48	390 78 52 49	550 228 94 72	800 265 51 72	1457 147 61 60	1135 368 60 57	122 893 73 62	1764 994 87 87	1121 870 52 72	1194 884 60 49	402 560 52 46
../data/inhabited/0021.jpg	23	852 65 154 171	665 10 139 127	281 992 191 185	357 409 124 88	729 749 64 78	240 676 104 112	184 609 64 109	111 563 99 175	247 216 66 94	211 151 65 97	99 84 54 66	44 203 98 45	65 273 75 95	14 424 112 79	1 376 56 49	1553 175 104 110	1435 116 116 121	1457 244 74 72	464 154 85 97	33 5 47 56	1 571 53 94	1195 110 70 73	1145 50 62 60
../data/inhabited/0004.jpg	1	503 1027 65 69
../data/inhabited/0008.jpg	1	1279 262 43 43
../data/inhabited/0026.jpg	14	926 417 54 63	934 449 97 65	1941 342 30 45	1917 416 45 45	1963 400 30 45	1401 1036 45 45	1358 1036 45 45	1295 1045 45 45	1319 1117 45 45	1406 1104 45 45	924 1064 46 45	861 1039 45 45	821 919 45 45	858 907 45 45
../data/inhabited/0030.jpg	14	99 108 65 105	117 201 115 91	419 151 99 64	612 168 101 62	117 792 90 146	1163 12 99 76	1732 392 65 89	1754 741 88 96	1718 952 72 53	1772 987 65 113	1743 1097 63 55	1584 64 62 57	1551 36 50 60	1 945 47 108
../data/inhabited/0036.jpg	24	917 487 141 219	855 425 145 96	864 8 195 139	1290 308 82 93	1500 770 104 163	1586 875 151 131	1539 926 82 119	1582 1032 196 123	1413 948 91 153	1296 969 140 193	1265 820 123 169	1094 1108 270 77	724 1069 255 116	130 820 219 281	278 672 131 115	194 708 63 94	24 996 105 167	321 1067 105 118	474 425 109 133	568 327 104 155	517 386 66 60	610 270 95 95	587 413 168 187	457 969 64 68
../data/inhabited/0006.jpg	8	1009 568 102 68	1853 921 54 45	1820 885 56 61	1886 800 58 62	1805 713 57 55	1803 350 42 40	517 935 48 46	1071 458 60 40
../data/inhabited/0010.jpg	12	96 449 113 93	740 490 139 94	575 617 133 71	757 592 119 85	508 757 191 65	536 858 99 73	646 846 121 75	785 818 178 89	820 998 103 77	690 1116 66 50	1102 238 111 83	1007 1 104 80
../data/inhabited/0028.jpg	17	295 299 103 94	867 520 98 79	1144 266 91 81	1839 173 76 65	1844 231 91 74	1554 442 145 118	1373 585 109 81	1366 1049 90 64	1478 1038 98 79	1866 803 86 85	436 854 99 116	60 895 69 128	278 949 74 60	332 904 68 48	108 739 68 63	149 713 139 79	183 651 80 69
../data/inhabited/0035.jpg	24	11 680 87 122	43 529 99 124	103 74 79 74	253 116 79 74	351 55 83 69	212 262 82 75	310 206 82 71	268 347 82 84	365 294 82 75	466 242 83 64	363 750 79 91	441 875 80 102	536 643 74 96	598 602 74 99	617 767 77 95	668 736 87 91	763 674 86 96	845 800 81 99	752 862 79 96	690 896 55 68	827 979 85 107	598 1130 74 55	539 1032 65 69	427 1058 88 105
../data/inhabited/0022.jpg	10	418 340 78 84	831 776 57 52	926 1017 93 117	1007 1054 71 80	1100 1040 53 42	1203 913 55 63	1306 802 88 74	1884 328 99 96	1866 794 88 56	1579 56 70 64
../data/inhabited/0002.jpg	9	1704 878 77 54	1780 850 96 64	1915 775 63 73	1929 470 55 81	1817 452 87 88	1410 522 62 61	1520 494 67 53	1724 419 55 57	1825 327 54 51
