../data/inhabited/0032.jpg	3	96 370 45 45	43 678 45 45	149 870 45 45
../data/inhabited/0034.jpg	17	219 21 45 45	253 14 45 45	365 340 45 45	392 370 45 45	270 967 45 45	395 1153 45 30	393 1104 45 45	1011 825 45 45	1491 833 45 45	1494 962 47 45	1165 1138 45 45	1084 637 45 45	1560 872 45 45	555 283 45 45	679 206 45 45	651 174 45 45	1008 793 45 45
../data/inhabited/0001.jpg	10	581 1135 45 45	560 1127 45 45	533 1105 45 45	547 1093 45 45	566 1088 45 45	595 1102 45 45	611 1091 45 45	541 1068 45 45	564 1056 45 45	1459 23 45 45
../data/inhabited/0007.jpg	9	376 875 45 45	414 838 45 45	491 825 45 45	471 774 45 45	367 113 45 45	420 107 45 45	1345 914 45 45	1331 942 45 45	1364 984 45 45
../data/inhabited/0020.jpg	118	928 1050 16 16	905 982 45 45	958 985 45 45	967 1030 45 45	1127 1123 45 45	1149 1073 45 45	1001 862 45 45	1029 842 45 45	1065 825 45 45	1068 767 45 45	1039 890 45 45	1065 862 45 45	1098 859 45 45	1098 902 45 45	1078 940 45 45	1126 968 45 45	1148 933 45 45	1096 966 45 45	1230 988 45 45	1261 985 45 45	1242 937 45 45	1272 912 45 45	1292 930 45 45	1227 863 45 45	1239 1052 45 45	1280 1084 45 45	1295 1064 45 45	1337 1059 45 45	1326 1097 45 45	1361 1089 45 45	1370 1058 45 45	1423 1098 45 45	1319 991 45 45	1372 1125 45 45	1655 1162 45 30	1703 1003 45 45	1695 975 45 45	1720 979 45 45	1746 968 45 45	1717 951 45 45	1698 884 45 45	1678 874 45 45	1746 1005 45 45	1757 1024 45 45	1785 1047 45 45	1580 876 45 45	1585 846 45 45	1602 828 45 45	1619 795 45 45	1611 769 45 45	1571 803 45 45	1494 851 45 45	1471 899 45 45	1446 899 45 45	1465 817 45 45	1456 764 45 45	1418 793 45 45	1358 825 45 45	1379 849 45 45	1162 660 45 45	1205 641 45 45	1157 585 45 45	1017 518 45 45	1015 447 45 45	983 436 45 45	947 426 45 45	978 294 45 45	990 262 45 45	1172 168 45 45	1152 156 45 45	1132 132 45 45	1228 3 45 45	1505 300 45 45	1530 311 45 45	1515 272 46 45	1552 265 45 45	1552 223 45 45	1589 216 45 45	1583 258 45 45	1619 255 45 45	1611 279 45 45	1795 181 45 45	1807 145 45 45	1802 114 45 45	1837 106 45 45	1844 131 45 45	1863 153 45 45	1889 282 45 45	1922 311 45 45	1931 342 45 45	1955 336 30 45	1938 294 45 45	1959 268 30 45	1959 243 30 45	1821 76 45 45	1844 70 45 45	1826 50 45 45	1827 10 45 45	1882 64 45 45	1907 134 45 45	1903 98 45 45	1899 10 45 45	1715 580 45 45	1718 528 45 45	1689 506 45 45	1687 440 45 45	1701 419 45 45	1714 400 45 45	1767 509 45 45	1785 495 45 45	1815 476 45 45	1795 402 45 45	1826 416 45 45	1813 517 45 45	1837 517 45 45	1902 506 45 45	1230 475 45 45	1249 500 45 45
../data/inhabited/0023.jpg	26	578 21 45 45	642 24 45 45	658 70 45 45	673 97 45 45	763 61 45 45	829 47 45 45	841 136 47 45	314 392 45 45	361 324 45 45	420 265 45 45	356 196 45 45	116 325 45 45	113 288 45 45	17 764 45 45	1258 176 45 45	1008 560 45 45	1082 557 45 45	1132 573 45 45	1124 627 45 45	1102 671 45 45	1057 680 45 45	1022 1136 45 45	1260 1139 45 45	110 1112 45 45	1015 1139 45 45	980 635 45 45
../data/inhabited/0031.jpg	17	1543 662 45 45	1588 558 45 45	1602 528 45 45	1631 552 45 45	1767 525 45 45	1809 503 45 45	434 712 45 45	494 807 45 45	606 783 45 45	421 642 45 45	353 894 45 45	351 869 45 45	389 822 45 45	418 57 45 45	487 45 45 45	801 295 45 45	776 325 45 45
../data/inhabited/0013.jpg	13	1574 162 45 45	1659 151 45 45	1731 199 45 45	1749 244 52 55	1694 504 56 52	1683 451 45 45	1679 409 45 45	1628 392 45 45	1581 397 45 45	1609 453 45 45	1641 510 45 45	1603 512 45 45	1574 520 45 45
../data/inhabited/0009.jpg	19	158 744 45 45	283 591 45 45	274 518 45 45	435 772 45 45	362 779 45 45	508 952 45 45	558 818 45 45	631 792 45 45	773 862 45 45	927 1055 45 45	1032 902 45 45	171 797 45 45	1471 986 45 45	1726 1140 45 30	1739 1090 45 45	1760 1058 45 45	1807 949 45 45	1832 885 45 45	1701 947 45 45
../data/inhabited/0029.jpg	5	1359 1083 45 45	1291 1102 45 45	1418 549 45 45	1034 576 45 45	989 1057 45 45
../data/inhabited/0003.jpg	21	348 1155 45 30	283 1091 45 45	468 1038 45 45	1501 863 45 45	1539 687 45 45	1261 516 45 45	1843 430 45 45	1846 474 45 45	1799 494 45 45	1840 393 45 45	1689 301 45 45	1566 382 45 45	1594 321 45 45	728 293 45 45	709 91 45 45	777 56 45 45	810 46 45 45	874 264 45 45	354 250 45 45	348 300 45 45	980 793 45 45
../data/inhabited/0016.jpg	53	902 31 45 45	952 78 45 45	804 123 45 45	847 187 45 45	1004 173 45 45	992 234 45 45	1374 140 17 16	1404 78 45 45	1418 139 45 45	1515 406 45 45	1511 462 45 45	1421 492 45 45	824 291 45 45	807 366 47 45	762 269 45 45	665 342 45 45	983 363 46 45	1087 419 45 46	980 479 45 45	869 548 45 45	763 579 45 45	872 627 45 45	760 681 45 45	687 596 45 45	651 470 45 45	709 470 45 45	689 737 45 45	756 769 45 45	849 741 45 45	917 753 45 45	1157 664 45 45	1137 751 45 45	1144 821 45 45	1137 870 46 45	1247 834 45 45	1272 885 45 45	1336 845 45 45	1415 927 45 45	1448 888 45 45	1452 845 45 45	1539 776 45 45	1589 901 45 45	804 828 45 45	672 856 45 45	609 846 45 45	726 972 45 45	1113 952 45 45	1345 1070 45 45	1442 1137 45 45	1577 1090 45 45	1585 1151 45 30	1507 1167 45 30	853 96 52 51
../data/inhabited/0019.jpg	26	1106 38 45 45	1138 53 45 45	1539 185 45 45	1567 157 45 45	1611 229 45 46	1567 271 45 45	1774 468 45 45	1858 433 45 45	1823 479 45 47	1821 414 45 45	1791 431 45 45	1386 638 45 45	1434 672 45 45	1356 697 45 45	1308 751 45 45	1510 765 45 45	1550 741 45 45	1544 783 45 45	1524 846 45 45	1487 874 45 45	1457 814 45 45	1563 888 45 45	1600 912 45 45	1571 935 45 45	1905 1076 45 45	522 59 45 45
../data/inhabited/0027.jpg	6	1093 12 45 45	1015 401 45 45	1669 687 45 45	32 1001 45 45	261 1129 45 45	162 222 45 45
../data/inhabited/0011.jpg	21	984 538 45 45	1017 419 45 45	1051 495 45 45	1096 434 45 45	1483 279 45 45	1493 213 45 45	1535 254 45 45	1553 209 45 45	1563 271 45 45	1558 338 45 45	1595 436 45 45	1667 358 45 45	1725 313 45 45	1844 328 45 45	1689 849 45 45	1754 863 45 45	1791 773 45 45	1787 737 45 45	1877 871 45 45	1530 1103 45 45	1414 916 45 45
../data/inhabited/0033.jpg	13	560 309 45 45	202 161 45 45	258 135 45 45	935 458 45 45	1026 583 45 45	1029 618 45 47	847 752 45 45	861 799 45 45	718 632 55 51	678 600 45 45	690 791 45 45	661 808 45 45	511 987 45 45
../data/inhabited/0021.jpg	72	56 0 45 42	73 14 45 45	92 41 45 45	96 17 45 45	98 0 45 45	65 41 45 45	43 21 45 45	32 39 45 45	59 70 45 45	4 38 45 45	0 35 38 45	23 81 45 45	26 136 45 45	29 157 45 45	57 162 45 45	79 178 45 45	22 185 45 45	22 202 45 45	3 209 46 45	0 174 43 45	8 283 45 45	36 293 45 45	194 221 45 45	208 243 45 45	235 299 45 45	252 139 45 45	249 184 45 45	414 73 45 45	404 5 45 45	543 128 45 45	536 86 45 45	1029 0 45 45	1060 150 45 45	1082 212 45 45	1208 283 45 45	1249 341 45 45	1260 367 45 45	1084 528 45 45	1026 515 45 45	1174 104 45 45	1191 87 45 47	1328 5 47 45	1378 14 45 45	1348 38 45 45	1648 39 45 45	1686 33 45 45	1863 56 45 45	1872 16 45 45	1896 78 45 47	1529 240 45 45	1563 271 45 45	707 784 21 16	577 797 45 45	675 845 45 45	367 671 45 45	376 639 45 45	364 613 45 45	294 619 45 45	300 515 45 45	470 551 45 45	508 492 45 45	664 504 45 45	662 453 45 45	644 543 45 45	17 523 45 45	283 313 45 45	1637 1059 45 45	1676 1073 45 45	1823 753 45 45	1865 792 45 45	1907 755 45 45	1793 554 45 45
../data/inhabited/0012.jpg	21	544 118 45 45	604 538 18 16	655 601 45 45	572 629 45 45	687 649 45 45	793 667 45 45	799 730 45 45	690 709 45 45	622 742 45 45	672 790 45 45	720 770 45 45	742 734 45 45	787 789 45 45	734 812 45 45	667 831 45 45	638 877 50 54	713 908 62 63	758 942 67 60	778 880 50 49	825 942 51 54	1961 227 30 45
../data/inhabited/0014.jpg	2	1114 689 64 60	1043 765 45 45
../data/inhabited/0015.jpg	18	737 630 45 45	827 647 45 45	823 496 45 45	774 464 45 45	916 498 45 45	922 417 45 45	992 504 45 45	1266 638 45 45	1314 465 45 45	1373 517 45 45	1278 513 50 51	1456 473 45 45	1012 870 45 45	961 877 45 45	901 903 60 50	795 881 45 45	807 839 45 45	1202 762 45 45
../data/inhabited/0004.jpg	2	490 884 45 45	508 986 45 45
../data/inhabited/0008.jpg	21	1186 164 45 45	1270 208 45 45	1294 208 45 45	1339 213 45 45	1222 272 45 45	1325 259 45 45	1398 293 45 45	1658 293 45 45	1631 511 45 45	973 713 45 45	1082 783 45 45	1236 771 45 45	1214 808 45 45	1034 897 45 45	1071 889 45 45	970 870 45 45	947 835 45 45	939 894 45 45	1078 1079 45 45	1224 1035 45 45	1348 998 45 45
../data/inhabited/0030.jpg	4	1403 183 45 45	1473 124 45 45	1513 129 45 45	497 200 45 45
../data/inhabited/0006.jpg	23	207 539 45 45	148 519 45 45	511 1028 45 45	474 928 45 45	479 993 45 45	1040 371 45 45	1389 349 45 45	1387 311 45 45	1418 7 45 45	1670 752 45 45	1880 872 45 45	1900 849 45 45	1916 884 45 45	1773 709 45 45	1857 732 45 45	1793 527 45 45	1849 536 45 45	1896 556 45 45	1874 483 45 45	1913 421 45 45	1938 488 45 45	1935 531 45 45	1917 589 45 45
../data/inhabited/0010.jpg	9	1045 263 45 45	838 263 45 45	844 319 45 45	508 319 45 45	605 307 45 45	679 288 45 45	306 344 45 45	1630 613 45 45	1572 694 45 45
../data/inhabited/0005.jpg	33	415 216 45 45	428 269 45 45	462 275 45 45	470 253 45 45	693 311 45 45	777 357 45 45	765 500 45 45	776 455 45 45	833 458 45 45	875 617 45 45	1039 612 45 45	1046 563 45 45	1079 367 45 45	1120 418 45 45	1064 578 45 45	1176 692 45 45	1260 587 45 45	1062 774 45 45	1205 895 45 45	1250 979 45 45	1308 942 45 45	1379 1042 45 45	1379 721 45 45	1448 727 45 45	1446 542 45 45	1507 552 45 45	1494 460 45 45	1431 395 45 45	1630 595 45 45	1599 521 45 45	1662 827 45 45	1697 853 46 45	1637 729 45 45
../data/inhabited/0024.jpg	8	415 430 45 45	470 417 45 45	470 475 45 45	1230 888 45 45	1275 904 45 46	1276 973 43 48	1372 720 45 45	1440 742 45 45
../data/inhabited/0025.jpg	3	1055 245 43 43	1102 227 41 35	1011 272 45 45
../data/inhabited/0022.jpg	40	470 8 45 45	471 56 47 57	566 237 45 45	1020 344 45 45	1050 374 45 45	935 535 45 45	832 751 45 45	807 727 45 45	807 692 45 45	844 664 45 45	866 736 45 45	947 751 45 45	973 727 45 45	1011 722 45 45	1132 829 45 45	1143 854 45 45	1163 834 45 45	1218 845 45 45	1225 871 45 45	1241 895 45 45	1064 958 45 45	1067 1053 45 45	1781 909 45 45	1774 882 45 45	1779 811 45 45	1826 784 45 45	1824 759 45 45	1826 719 45 45	1790 755 45 45	1784 681 45 45	1785 658 45 45	1519 591 45 45	1594 531 45 45	1942 495 30 45	1533 209 45 45	1608 173 45 45	1507 255 45 45	1176 232 45 45	1362 215 45 45	1627 11 45 45
../data/inhabited/0002.jpg	7	1428 486 45 45	1452 479 45 45	1715 765 45 45	1695 426 45 45	1697 337 45 45	1588 421 45 45	1900 702 45 45
