../data/inhabited/0018.jpg	6	1131 385 92 62	1217 387 115 55	1410 390 83 52	1592 348 145 66	1568 4 148 70	1410 543 76 52
../data/inhabited/0032.jpg	10	632 686 85 56	486 697 85 57	380 778 78 52	159 643 82 58	113 927 96 61	503 277 99 48	523 181 73 54	502 117 61 45	452 24 75 54	152 1154 66 28
../data/inhabited/0034.jpg	4	1264 470 82 56	1121 693 64 35	1797 1134 70 49	1637 623 71 43
../data/inhabited/0001.jpg	12	663 80 90 63	796 156 89 52	852 52 123 80	439 273 110 64	1360 232 211 82	1435 548 114 74	1646 277 112 65	1828 198 157 71	1618 839 146 83	1595 599 211 118	355 43 155 70	508 39 135 57
../data/inhabited/0007.jpg	1	1399 946 71 52
../data/inhabited/0020.jpg	1	1763 104 60 43
../data/inhabited/0017.jpg	2	726 306 122 66	1391 945 63 42
../data/inhabited/0023.jpg	1	365 385 77 48
../data/inhabited/0031.jpg	12	41 256 74 43	670 80 99 63	685 46 62 44	554 1140 85 38	413 1144 62 28	1603 783 78 43	1839 739 84 62	1741 490 77 50	1853 483 73 47	1615 467 73 46	1769 175 71 47	1220 1140 63 42
../data/inhabited/0029.jpg	7	1607 602 85 62	1228 1047 79 59	814 1148 82 28	236 912 122 55	198 660 118 88	443 312 94 63	267 237 72 46
../data/inhabited/0003.jpg	1	1023 164 100 63
../data/inhabited/0019.jpg	1	107 819 131 81
../data/inhabited/0027.jpg	2	1433 100 182 102	1388 1049 104 68
../data/inhabited/0011.jpg	1	1791 98 97 64
../data/inhabited/0021.jpg	3	357 409 124 88	44 203 98 45	14 424 112 79
../data/inhabited/0026.jpg	1	934 449 97 65
../data/inhabited/0030.jpg	3	419 151 99 64	612 168 101 62	1718 952 72 53
../data/inhabited/0036.jpg	5	855 425 145 96	864 8 195 139	1582 1032 196 123	1094 1108 270 77	724 1069 255 116
../data/inhabited/0006.jpg	2	1009 568 102 68	1071 458 60 40
../data/inhabited/0010.jpg	9	740 490 139 94	575 617 133 71	757 592 119 85	508 757 191 65	536 858 99 73	646 846 121 75	785 818 178 89	820 998 103 77	1102 238 111 83
../data/inhabited/0028.jpg	4	1373 585 109 81	1366 1049 90 64	332 904 68 48	149 713 139 79
../data/inhabited/0035.jpg	1	598 1130 74 55
../data/inhabited/0022.jpg	1	1866 794 88 56
../data/inhabited/0002.jpg	2	1704 878 77 54	1780 850 96 64
