../data/inhabited/0001.jpg	1	548 237 62 104
../data/inhabited/0020.jpg	3	1457 665 78 123	1886 522 99 158	1950 617 35 104
../data/inhabited/0017.jpg	2	1443 543 58 103	1446 631 63 130
../data/inhabited/0029.jpg	4	1715 181 116 194	1736 2 76 136	1839 22 146 231	1923 867 49 82
../data/inhabited/0019.jpg	1	1926 749 58 154
../data/inhabited/0011.jpg	1	1940 564 44 93
../data/inhabited/0021.jpg	3	184 609 64 109	111 563 99 175	1 571 53 94
../data/inhabited/0030.jpg	4	99 108 65 105	117 792 90 146	1772 987 65 113	1 945 47 108
../data/inhabited/0036.jpg	4	917 487 141 219	1500 770 104 163	1413 948 91 153	24 996 105 167
../data/inhabited/0028.jpg	1	60 895 69 128
