../../data/inhabited/0018.jpg	6	1146 400 77 47	1232 402 100 40	1425 405 68 37	1607 363 130 51	1583 19 133 55	1425 558 61 37
../../data/inhabited/0032.jpg	9	647 701 70 41	501 712 70 42	395 793 63 37	174 658 67 43	128 942 81 46	518 292 84 33	517 132 46 30	467 39 60 39	167 1169 51 28
../../data/inhabited/0034.jpg	4	1279 485 67 41	1136 708 49 20	1812 1149 55 34	1652 638 56 28
../../data/inhabited/0001.jpg	12	678 95 75 48	811 171 74 37	867 67 108 65	454 288 95 49	1375 247 196 67	1450 563 99 59	1661 292 97 50	1843 213 157 56	1633 854 131 68	1610 614 196 103	370 58 140 55	523 54 120 42
../../data/inhabited/0007.jpg	1	1414 961 56 37
../../data/inhabited/0020.jpg	1	1778 119 45 28
../../data/inhabited/0017.jpg	2	741 321 107 51	1406 960 48 27
../../data/inhabited/0023.jpg	1	380 400 62 33
../../data/inhabited/0031.jpg	10	56 271 59 28	685 95 84 48	700 61 47 29	569 1155 70 38	428 1159 47 28	1618 798 63 28	1756 505 62 35	1868 498 58 32	1630 482 58 31	1784 190 56 32
../../data/inhabited/0029.jpg	4	829 1163 67 28	251 927 107 40	458 327 79 48	282 252 57 31
../../data/inhabited/0003.jpg	1	1038 179 85 48
../../data/inhabited/0019.jpg	1	122 834 116 66
../../data/inhabited/0027.jpg	2	1448 115 167 87	1403 1064 89 53
../../data/inhabited/0011.jpg	1	1806 113 82 49
../../data/inhabited/0021.jpg	2	59 218 83 30	14 439 97 64
../../data/inhabited/0026.jpg	1	949 464 82 50
../../data/inhabited/0030.jpg	2	434 166 84 49	627 183 86 47
../../data/inhabited/0036.jpg	4	870 440 130 81	1597 1047 181 108	1109 1123 255 77	739 1084 240 116
../../data/inhabited/0006.jpg	2	1024 583 87 53	1086 473 45 25
../../data/inhabited/0010.jpg	5	755 505 124 79	590 632 118 56	523 772 176 50	661 861 106 60	800 833 163 74
../../data/inhabited/0028.jpg	3	1381 1064 75 49	347 919 53 33	164 728 124 64
../../data/inhabited/0022.jpg	1	1881 809 73 41
../../data/inhabited/0002.jpg	2	1719 893 62 39	1795 865 81 49
