../data/inhabited/0001.jpg	1	558 247 52 94
../data/inhabited/0020.jpg	3	1467 675 68 113	1176 103 37 58	1960 627 35 94
../data/inhabited/0017.jpg	2	1453 553 48 93	1456 641 53 120
../data/inhabited/0029.jpg	5	1358 474 67 103	1725 191 106 184	1746 2 66 126	1849 32 146 221	1933 877 39 72
../data/inhabited/0019.jpg	1	1936 759 58 144
../data/inhabited/0027.jpg	2	602 724 62 96	1918 514 54 82
../data/inhabited/0011.jpg	1	1950 574 44 83
../data/inhabited/0033.jpg	1	810 275 41 62
../data/inhabited/0021.jpg	4	194 619 54 99	121 573 89 165	221 161 55 87	1 581 43 84
../data/inhabited/0030.jpg	4	109 118 55 95	127 802 80 136	1782 997 55 103	1 955 37 98
../data/inhabited/0036.jpg	7	927 497 131 209	1510 780 94 153	1549 936 72 109	1423 958 81 143	204 718 53 84	34 1006 95 157	578 337 94 145
../data/inhabited/0028.jpg	1	70 905 59 118
