../data/inhabited/0018.jpg	1	1431 599 42 36
../data/inhabited/0032.jpg	6	538 654 49 50	322 720 55 45	123 869 41 41	8 776 40 47	641 160 44 65	1 1116 40 50
../data/inhabited/0034.jpg	7	286 224 66 59	395 306 39 41	1316 667 72 59	1387 214 43 36	1328 1063 44 47	1129 1105 59 57	798 418 44 33
../data/inhabited/0001.jpg	3	395 107 84 123	1667 214 69 67	1947 500 48 55
../data/inhabited/0020.jpg	27	874 627 125 150	1280 689 115 130	1370 574 125 136	1269 478 126 140	1538 724 52 70	1395 823 44 46	1462 874 34 35	1213 912 50 41	1776 1094 95 73	1866 1036 67 94	1914 801 66 74	1866 657 64 75	1561 487 117 111	1439 369 144 147	1451 178 81 118	1513 227 52 61	1381 81 56 71	1299 192 59 73	1230 173 97 122	947 176 72 83	1611 279 114 149	1709 321 60 76	1750 436 71 97	1896 532 99 148	1869 237 50 70	1849 185 39 44	1939 1 56 69
../data/inhabited/0023.jpg	6	191 170 91 89	289 190 49 61	364 55 52 64	504 55 76 61	177 1136 49 40	1353 1136 41 59
../data/inhabited/0031.jpg	21	67 427 41 60	490 140 86 76	1095 528 53 47	925 595 97 88	313 905 51 48	365 1040 52 56	418 1099 40 38	622 998 42 41	656 995 53 67	904 1020 65 50	849 961 38 50	1950 415 45 41	25 883 39 45	36 835 33 47	61 855 54 49	1927 252 50 42	1781 261 59 48	1278 1085 50 70	1230 1150 53 42	364 595 50 50	774 267 47 46
../data/inhabited/0013.jpg	1	1620 201 63 50
../data/inhabited/0009.jpg	3	253 448 33 30	190 431 34 32	149 425 29 30
../data/inhabited/0029.jpg	12	95 43 86 108	1110 35 77 94	1308 474 47 59	1718 129 40 56	1717 671 98 93	1599 695 90 83	1297 1028 59 73	1336 984 108 81	92 807 107 115	202 588 106 95	104 567 80 102	247 297 95 73
../data/inhabited/0003.jpg	7	647 314 70 61	1103 287 67 60	1208 297 89 76	1653 370 89 101	790 869 42 44	863 409 44 37	1219 59 36 45
../data/inhabited/0019.jpg	14	1039 394 58 53	1129 419 61 79	1358 210 89 113	1540 364 101 102	1827 567 138 144	1762 635 131 120	1462 666 75 81	1496 697 67 74	1622 792 56 61	1617 815 85 83	1648 839 74 82	1673 871 75 78	1636 994 136 161	1784 941 129 136
../data/inhabited/0027.jpg	21	750 31 61 87	76 177 67 58	31 200 45 50	695 741 61 77	947 275 49 62	1036 294 39 51	1372 440 50 39	1387 334 80 106	1317 757 81 78	1411 525 53 74	1403 586 89 69	1902 326 83 83	1826 213 53 58	1376 948 72 68	1294 1084 48 56	1135 881 80 65	1204 788 81 74	1068 846 66 50	1675 581 52 58	1715 522 57 43	1718 979 52 57
../data/inhabited/0011.jpg	4	1913 419 69 58	1908 461 49 42	1938 481 57 61	1795 1067 81 99
../data/inhabited/0033.jpg	15	163 39 44 48	244 63 44 41	275 6 44 53	202 102 52 50	250 203 52 60	470 112 40 47	577 48 44 38	400 88 42 39	1467 157 51 50	1145 378 50 47	132 903 63 52	1774 1004 77 77	1131 880 42 62	1204 894 50 39	412 570 42 36
../data/inhabited/0021.jpg	16	862 75 144 161	675 5 129 117	291 1002 181 190	739 759 54 68	250 686 94 102	257 226 56 84	109 94 44 56	75 283 65 85	1 386 46 39	1563 185 94 100	1445 126 106 111	1467 254 64 62	474 164 75 87	43 5 37 46	1205 120 60 63	1155 60 52 50
../data/inhabited/0004.jpg	1	513 1037 55 59
../data/inhabited/0008.jpg	1	1289 272 33 33
../data/inhabited/0026.jpg	13	936 427 44 53	1951 352 35 35	1927 426 35 35	1973 410 30 35	1411 1046 35 35	1368 1046 35 35	1305 1055 35 35	1329 1127 35 35	1416 1114 35 35	934 1074 36 35	871 1049 35 35	831 929 35 35	868 917 35 35
../data/inhabited/0030.jpg	6	127 211 105 81	1742 402 55 79	1764 751 78 86	1753 1107 53 45	1594 74 52 47	1561 46 40 50
../data/inhabited/0036.jpg	12	1300 318 72 83	1596 885 141 121	1306 979 130 183	1275 830 113 159	140 830 209 271	288 682 121 105	331 1077 95 118	484 435 99 123	527 396 56 50	620 280 85 85	597 423 158 177	467 979 54 58
../data/inhabited/0006.jpg	6	1863 931 44 35	1830 895 46 51	1896 810 48 52	1815 723 47 45	1813 360 32 30	527 945 38 36
../data/inhabited/0010.jpg	1	106 459 103 83
../data/inhabited/0028.jpg	12	305 309 93 84	877 530 88 69	1154 276 81 71	1849 183 66 55	1854 241 81 64	1564 452 135 108	1488 1048 88 69	1876 813 76 75	446 864 89 106	288 959 64 50	118 749 58 53	193 661 70 59
../data/inhabited/0035.jpg	23	6 690 77 112	53 539 89 114	113 84 69 64	263 126 69 64	361 65 73 59	222 272 72 65	320 216 72 61	278 357 72 74	375 304 72 65	373 760 69 81	451 885 70 92	546 653 64 86	608 612 64 89	627 777 67 85	678 746 77 81	773 684 76 86	855 810 71 89	762 872 69 86	700 906 45 58	837 989 75 97	608 1140 64 55	549 1042 55 59	437 1068 78 95
../data/inhabited/0022.jpg	8	428 350 68 74	841 786 47 42	936 1027 83 107	1017 1064 61 70	1213 923 45 53	1316 812 78 64	1894 338 89 86	1589 66 60 54
../data/inhabited/0002.jpg	7	1925 785 68 63	1939 480 55 71	1827 462 77 78	1420 532 52 51	1530 504 57 43	1734 429 45 47	1835 337 44 41
