../data/inhabited/0018.jpg	6	1141 395 82 52	1227 397 105 45	1420 400 73 42	1602 358 135 56	1578 14 138 60	1420 553 66 42
../data/inhabited/0032.jpg	11	642 696 75 46	496 707 75 47	390 788 68 42	169 653 72 48	123 937 86 51	513 287 89 38	533 191 63 44	512 127 51 35	462 34 65 44	162 1164 56 28	3 1084 57 42
../data/inhabited/0034.jpg	6	1261 651 60 43	1331 255 61 45	1274 480 72 46	1131 703 54 25	1807 1144 60 39	1647 633 61 33
../data/inhabited/0001.jpg	13	673 90 80 53	806 166 79 42	862 62 113 70	449 283 100 54	1370 242 201 72	1445 558 104 64	1656 287 102 55	1838 208 157 61	1628 849 136 73	1605 609 201 108	365 53 145 60	518 49 125 47	1700 101 62 45
../data/inhabited/0007.jpg	1	1409 956 61 42
../data/inhabited/0020.jpg	2	1655 1049 112 82	1773 114 50 33
../data/inhabited/0017.jpg	2	736 316 112 56	1401 955 53 32
../data/inhabited/0023.jpg	1	375 395 67 38
../data/inhabited/0031.jpg	14	51 266 64 33	680 90 89 53	695 56 52 34	459 1091 53 38	564 1150 75 43	423 1154 52 33	1530 821 81 59	1613 793 68 33	1849 749 74 52	1751 500 67 40	1863 493 63 37	1625 477 63 36	1622 432 61 45	1779 185 61 37
../data/inhabited/0029.jpg	7	1617 612 75 52	1238 1057 69 49	824 1158 72 33	246 922 112 45	208 670 108 78	453 322 84 53	277 247 62 36
../data/inhabited/0003.jpg	2	1033 174 90 53	841 1062 80 58
../data/inhabited/0019.jpg	1	117 829 121 71
../data/inhabited/0027.jpg	4	56 239 86 64	1443 110 172 92	1748 867 67 49	1398 1059 94 58
../data/inhabited/0011.jpg	1	1801 108 87 54
../data/inhabited/0033.jpg	1	560 238 84 62
../data/inhabited/0021.jpg	3	367 419 114 78	54 213 88 35	9 434 102 69
../data/inhabited/0026.jpg	1	944 459 87 55
../data/inhabited/0030.jpg	4	429 161 89 54	622 178 91 52	1173 7 89 66	1728 962 62 43
../data/inhabited/0036.jpg	5	865 435 135 86	874 3 185 129	1592 1042 186 113	1104 1118 260 77	734 1079 245 116
../data/inhabited/0006.jpg	2	1019 578 92 58	1081 468 50 30
../data/inhabited/0010.jpg	11	750 500 129 84	585 627 123 61	767 602 109 75	518 767 181 55	546 868 89 63	656 856 111 65	795 828 168 79	830 1008 93 67	700 1126 56 40	1112 248 101 73	1017 1 94 70
../data/inhabited/0028.jpg	4	1383 595 99 71	1376 1059 80 54	342 914 58 38	159 723 129 69
../data/inhabited/0035.jpg	1	476 252 73 54
../data/inhabited/0022.jpg	2	1110 1050 43 32	1876 804 78 46
../data/inhabited/0002.jpg	2	1714 888 67 44	1790 860 86 54
