../../data/inhabited/0032.jpg	1	646 165 39 60
../../data/inhabited/0001.jpg	2	400 112 79 118	563 252 47 89
../../data/inhabited/0020.jpg	9	1472 680 63 108	1543 729 47 65	1871 1041 62 89	1456 183 76 113	1181 108 32 53	1755 441 66 92	1901 537 99 143	1965 632 35 89	1874 242 45 65
../../data/inhabited/0017.jpg	2	1458 558 43 88	1461 646 48 115
../../data/inhabited/0023.jpg	1	1358 1141 36 59
../../data/inhabited/0031.jpg	4	72 432 36 55	854 966 33 45	41 840 28 42	1283 1090 45 65
../../data/inhabited/0029.jpg	6	1363 479 62 98	1730 196 101 179	1723 134 35 51	1751 2 61 121	1854 37 146 216	1938 882 34 67
../../data/inhabited/0019.jpg	1	1941 764 58 139
../../data/inhabited/0027.jpg	6	755 36 56 82	607 729 57 91	1041 299 34 46	1392 339 75 101	1416 530 48 69	1923 519 49 77
../../data/inhabited/0011.jpg	1	1955 579 44 78
../../data/inhabited/0033.jpg	2	815 280 36 57	1136 885 37 57
../../data/inhabited/0021.jpg	5	199 624 49 94	126 578 84 160	262 231 51 79	226 166 50 82	1 586 38 79
../../data/inhabited/0030.jpg	5	114 123 50 90	132 807 75 131	1747 407 50 74	1787 1002 50 98	1 960 32 93
../../data/inhabited/0036.jpg	9	932 502 126 204	1515 785 89 148	1554 941 67 104	1428 963 76 138	1311 984 125 178	1280 835 108 154	209 723 48 79	39 1011 90 152	583 342 89 140
../../data/inhabited/0028.jpg	1	75 910 54 113
../../data/inhabited/0035.jpg	4	11 695 72 107	456 890 65 87	551 658 59 81	613 617 59 84
