../../data/training/a3001010122303002120.jpg	4	40 20 44 42	222 59 31 32	181 95 38 40	236 18 19 18
../../data/training/0006.jpg	5	1835 900 41 46	1901 815 43 47	1820 728 42 40	1818 365 27 25	532 950 33 31
../../data/training/0009.jpg	3	258 453 28 25	195 436 29 27	154 430 24 25
../../data/training/a1223233322101203322.jpg	4	11 7 40 50	11 219 40 37	45 210 46 46	81 200 44 55
../../data/training/a1223233322101221100.jpg	2	56 1 39 34	20 1 44 37
../../data/training/a1223233011110330210.jpg	3	101 68 23 29	205 73 51 43	126 173 82 70
../../data/training/0027.jpg	13	81 182 62 53	36 205 40 45	700 746 56 72	952 280 44 57	1322 762 76 73	1907 331 78 78	1831 218 48 53	1381 953 67 63	1299 1089 43 51	1140 886 75 60	1209 793 76 69	1680 586 47 53	1723 984 47 52
../../data/training/0003.jpg	7	652 319 65 56	1108 292 62 55	1213 302 84 71	1658 375 84 96	795 874 37 39	868 414 39 32	1224 64 31 40
../../data/training/a1223233011110330003.jpg	1	133 36 16 17
../../data/training/a1223233011110312301.jpg	3	29 147 72 65	150 29 36 35	229 14 21 28
../../data/training/a1223233011110312310.jpg	1	167 1 25 28
../../data/training/a1223233011110313032.jpg	1	146 1 110 122
../../data/training/a1223233011110321110.jpg	1	224 177 29 28
../../data/training/a1223233011110330032.jpg	4	113 74 34 28	155 73 38 46	61 46 38 44	32 40 24 23
../../data/training/a1223233011110313033.jpg	1	1 71 29 30
../../data/training/a1223233011110312230.jpg	8	228 129 23 26	203 154 27 27	88 72 45 36	162 75 25 30	168 39 17 20	209 96 16 18	28 186 21 26	58 228 27 22
../../data/training/a1223233011110330113.jpg	4	203 92 21 23	181 1 21 18	149 1 37 33	181 186 75 70
../../data/training/a1223233011110330213.jpg	2	1 13 63 80	77 102 44 45
../../data/training/a3001010122303012030.jpg	2	111 31 29 27	66 41 43 41
../../data/training/a1223322022320013210.jpg	1	93 5 37 46
../../data/training/a1223233011110330103.jpg	1	214 162 34 40
../../data/training/a1223233011110330102.jpg	2	177 13 29 32	108 172 31 31
../../data/training/a1223233011110312210.jpg	3	163 109 21 23	94 177 22 20	215 178 35 42
../../data/training/a1223233011110312213.jpg	1	1 110 33 29
../../data/training/a1223233011110331000.jpg	1	39 173 26 29
../../data/training/0033.jpg	13	168 44 39 43	249 68 39 36	280 11 39 48	207 107 47 45	255 208 47 55	475 117 35 42	582 53 39 33	405 93 37 34	1472 162 46 45	1150 383 45 42	137 908 58 47	1779 1009 72 72	417 575 37 31
../../data/training/a1223233011110330132.jpg	1	210 175 46 56
../../data/training/a1223233011110312201.jpg	1	124 87 28 29
../../data/training/a1223233011110313023.jpg	1	1 103 60 78
../../data/training/a1223322022320013021.jpg	5	65 34 36 38	116 59 34 40	169 88 36 43	77 158 55 61	5 140 69 60
../../data/training/a1223233011110330123.jpg	1	196 53 40 38
../../data/training/a3001010122303012200.jpg	2	163 177 30 27	111 156 27 26
../../data/training/a1223233322101203102.jpg	8	145 132 32 32	161 165 11 13	63 49 43 37	112 83 33 33	1 85 109 115	3 12 40 32	33 51 31 36	187 88 22 20
../../data/training/a1223233011110330020.jpg	3	65 224 14 14	196 219 15 19	160 30 23 27
../../data/training/a1223322022320012332.jpg	2	1 205 40 36	1 243 13 13
../../data/training/a1223233011110331022.jpg	4	187 24 69 64	150 9 47 41	32 1 162 137	108 149 31 33
../../data/training/0022.jpg	8	433 355 63 69	846 791 42 37	941 1032 78 102	1022 1069 56 65	1218 928 40 48	1321 817 73 59	1899 343 84 81	1594 71 55 49
../../data/training/a1223233322101212021.jpg	1	84 73 34 44
../../data/training/a1223233322101203313.jpg	1	164 28 16 20
../../data/training/a1223233011110312220.jpg	2	220 142 29 25	54 209 20 21
../../data/training/a1223233011110321133.jpg	1	81 113 28 32
../../data/training/a1223233011110312023.jpg	2	28 113 54 56	205 3 12 12
../../data/training/a1223322022320013202.jpg	1	241 1 15 18
../../data/training/a1223233011110303333.jpg	4	45 1 34 28	21 33 60 69	223 89 33 33	95 177 15 14
../../data/training/a1223233011110312033.jpg	1	28 192 18 23
../../data/training/a1223233011110321312.jpg	2	33 231 20 25	13 242 12 14
../../data/training/a1223233011110330301.jpg	1	1 199 20 23
../../data/training/0020.jpg	20	879 632 120 145	1285 694 110 125	1375 579 120 131	1274 483 121 135	1400 828 39 41	1467 879 29 30	1218 917 45 36	1919 806 61 69	1871 662 59 70	1566 492 112 106	1444 374 139 142	1518 232 47 56	1386 86 51 66	1304 197 54 68	1235 178 92 117	952 181 67 78	1616 284 109 144	1714 326 55 71	1854 190 34 39	1944 1 56 64
../../data/training/a1223233011110330111.jpg	3	98 132 42 45	31 76 26 29	60 95 20 18
../../data/training/a1223233011110313022.jpg	1	33 119 44 47
../../data/training/a1223233011110330001.jpg	2	1 1 24 27	162 147 19 20
../../data/training/a1223322022320031001.jpg	1	218 123 38 36
../../data/training/a1223233322101203333.jpg	2	1 1 49 50	1 72 88 111
../../data/training/a1223233011110330201.jpg	1	173 114 28 29
../../data/training/0032.jpg	5	543 659 44 45	327 725 50 40	128 874 36 36	13 781 35 42	1 1121 35 45
../../data/training/a1223233011110313223.jpg	1	1 178 59 78
../../data/training/0031.jpg	15	495 145 81 71	1100 533 48 42	930 600 92 83	318 910 46 43	370 1045 47 51	423 1104 35 33	627 1003 37 36	661 1000 48 62	1955 420 45 36	30 888 34 40	66 860 49 44	1932 257 45 37	1235 1155 48 42	369 600 45 45	779 272 42 41
../../data/training/a1223233011110331012.jpg	2	1 1 60 65	168 27 37 38
../../data/training/0019.jpg	14	1044 399 53 48	1134 424 56 74	1363 215 84 108	1545 369 96 97	1832 572 133 139	1767 640 126 115	1467 671 70 76	1501 702 62 69	1627 797 51 56	1622 820 80 78	1653 844 69 77	1678 876 70 73	1641 999 131 156	1789 946 124 131
../../data/training/a1223233011110312203.jpg	2	164 126 58 48	67 2 23 25
../../data/training/a1223233011110303312.jpg	1	3 10 41 33
../../data/training/a1223233011110312022.jpg	1	236 235 40 40
../../data/training/a1223322022320031010.jpg	1	1 117 20 20
../../data/training/0034.jpg	6	291 229 61 54	400 311 34 36	1321 672 67 54	1392 219 38 31	1333 1068 39 42	1134 1110 54 52
../../data/training/0021.jpg	15	867 80 139 156	680 10 124 112	296 1007 176 185	744 764 49 63	255 691 89 97	114 99 39 51	80 288 60 80	1 391 41 34	1568 190 89 95	1450 131 101 106	1472 259 59 57	479 169 70 82	48 5 32 41	1210 125 55 58	1160 65 47 45
../../data/training/a3001010122303003203.jpg	3	194 99 26 22	218 69 33 32	199 181 35 39
../../data/training/a1223233011110330200.jpg	2	153 195 24 20	169 221 29 35
../../data/training/a1223233322101203122.jpg	3	105 172 50 55	39 62 58 65	1 202 47 52
../../data/training/a1223233011110331023.jpg	1	1 1 52 52
../../data/training/a1223233011110312223.jpg	3	119 64 20 17	1 34 24 25	20 223 38 31
../../data/training/a1223233011110312331.jpg	2	177 129 63 79	1 85 15 18
../../data/training/a1223233011110312212.jpg	3	49 200 38 48	89 194 47 39	223 1 15 15
../../data/training/a1223233011110331013.jpg	2	206 1 41 42	79 3 56 60
../../data/training/a1223233011110330000.jpg	2	53 120 39 33	117 234 17 21
../../data/training/a1223233011110330033.jpg	2	92 136 27 28	141 120 47 53
../../data/training/a1223233011110321120.jpg	1	20 127 34 29
../../data/training/a1223233322101212020.jpg	1	20 177 27 28
../../data/training/a1223322022320012130.jpg	1	237 102 19 23
../../data/training/a1223233011110303122.jpg	1	3 89 22 20
../../data/training/a1223233011110312300.jpg	2	139 96 37 37	115 103 23 23
../../data/training/0002.jpg	6	1930 790 63 58	1944 485 55 66	1832 467 72 73	1425 537 47 46	1739 434 40 42	1840 342 39 36
