../../data/training/a1223233011110330120.jpg	4	108 26 48 55	76 30 37 51	94 1 26 19	176 228 26 28
../../data/training/0006.jpg	23	222 554 30 30	163 534 30 30	526 1043 30 30	489 943 30 30	494 1008 30 30	1055 386 30 30	1404 364 30 30	1402 326 30 30	1433 22 30 30	1685 767 30 30	1895 887 30 30	1915 864 30 30	1931 899 30 30	1788 724 30 30	1872 747 30 30	1808 542 30 30	1864 551 30 30	1911 571 30 30	1889 498 30 30	1928 436 30 30	1953 503 30 30	1950 546 30 30	1932 604 30 30
../../data/training/0009.jpg	19	173 759 30 30	298 606 30 30	289 533 30 30	450 787 30 30	377 794 30 30	523 967 30 30	573 833 30 30	646 807 30 30	788 877 30 30	942 1070 30 30	1047 917 30 30	186 812 30 30	1486 1001 30 30	1741 1155 30 30	1754 1105 30 30	1775 1073 30 30	1822 964 30 30	1847 900 30 30	1716 962 30 30
../../data/training/a1223233322101213303.jpg	6	13 3 103 68	77 171 77 57	140 85 36 39	115 40 45 52	30 43 106 95	59 98 104 79
../../data/training/a1223233322101230001.jpg	3	100 139 100 91	173 205 83 51	59 195 58 57
../../data/training/a1223233322101203322.jpg	3	213 119 43 137	164 41 92 86	176 1 80 19
../../data/training/a1223233322101212201.jpg	2	1 132 110 41	1 14 113 51
../../data/training/a1223233322101212221.jpg	3	1 75 136 63	1 1 102 24	1 150 87 48
../../data/training/a1223233011110330101.jpg	3	237 117 19 19	242 33 14 22	176 76 23 23
../../data/training/a1223233322101230121.jpg	4	90 20 118 108	177 1 53 36	44 1 64 23	196 155 60 99
../../data/training/a1223233011110330210.jpg	14	50 27 20 24	32 43 24 26	13 62 24 19	38 83 21 24	78 20 25 26	14 220 27 28	65 221 25 23	82 242 16 14	109 218 17 18	110 238 16 15	80 2 20 17	132 232 20 23	153 242 16 14	173 250 15 6
../../data/training/a1223233322101213301.jpg	2	1 71 56 108	193 1 44 25
../../data/training/a1223233322101231130.jpg	7	49 46 113 145	1 1 78 65	95 7 37 33	121 1 34 18	174 1 36 59	165 211 43 39	128 35 115 210
../../data/training/a1223233322101213332.jpg	5	178 1 78 90	101 150 91 106	1 133 41 47	45 1 64 19	134 37 50 50
../../data/training/a1223233322101230111.jpg	4	48 1 111 119	112 7 43 48	166 121 90 118	226 123 30 47
../../data/training/0027.jpg	6	1108 27 30 30	1030 416 30 30	1684 702 30 30	47 1016 30 30	276 1144 30 30	177 237 30 30
../../data/training/a1223233322101213032.jpg	1	104 20 90 40
../../data/training/0003.jpg	21	363 1170 30 30	298 1106 30 30	483 1053 30 30	1516 878 30 30	1554 702 30 30	1276 531 30 30	1858 445 30 30	1861 489 30 30	1814 509 30 30	1855 408 30 30	1704 316 30 30	1581 397 30 30	1609 336 30 30	743 308 30 30	724 106 30 30	792 71 30 30	825 61 30 30	889 279 30 30	369 265 30 30	363 315 30 30	995 808 30 30
../../data/training/a1223233011110330003.jpg	7	162 33 22 21	108 29 20 21	113 53 17 23	150 51 26 20	208 41 18 20	219 69 22 24	194 87 19 23
../../data/training/a1223233322101230103.jpg	1	1 169 83 87
../../data/training/a1223233011110312301.jpg	4	183 151 35 58	36 86 22 20	29 33 32 32	1 29 22 27
../../data/training/a1223233011110312310.jpg	15	191 24 20 19	201 6 18 18	219 21 25 23	228 1 21 20	120 71 17 17	114 85 18 17	96 87 20 21	81 100 20 24	96 124 20 21	88 168 27 24	90 193 19 21	138 191 21 21	140 212 26 23	145 248 19 8	115 217 23 20
../../data/training/a1223233322101230113.jpg	1	44 114 212 142
../../data/training/a1223322022320013233.jpg	4	169 167 21 18	235 30 18 20	247 176 9 16	234 208 14 20
../../data/training/a1223233011110313032.jpg	4	72 32 17 17	22 63 17 19	97 17 15 16	115 1 17 19
../../data/training/0005.jpg	33	430 231 30 30	443 284 30 30	477 290 30 30	485 268 30 30	708 326 30 30	792 372 30 30	780 515 30 30	791 470 30 30	848 473 30 30	890 632 30 30	1054 627 30 30	1061 578 30 30	1094 382 30 30	1135 433 30 30	1079 593 30 30	1191 707 30 30	1275 602 30 30	1077 789 30 30	1220 910 30 30	1265 994 30 30	1323 957 30 30	1394 1057 30 30	1394 736 30 30	1463 742 30 30	1461 557 30 30	1522 567 30 30	1509 475 30 30	1446 410 30 30	1645 610 30 30	1614 536 30 30	1677 842 30 30	1712 868 31 30	1652 744 30 30
../../data/training/a1223322022320013032.jpg	1	32 197 75 59
../../data/training/a1223233322101221101.jpg	4	155 3 101 146	126 63 34 46	25 78 53 59	196 153 60 86
../../data/training/a1223233011110321110.jpg	6	176 68 23 23	148 83 21 22	189 103 19 22	219 141 15 22	235 149 16 18	230 120 14 17
../../data/training/a1223233011110312031.jpg	3	174 8 26 29	219 58 25 25	162 74 20 20
../../data/training/a1223233322101212310.jpg	8	198 107 58 120	15 201 73 55	1 1 56 121	187 36 69 38	190 1 41 36	228 2 28 28	159 1 30 58	220 76 36 23
../../data/training/a1223233011110330032.jpg	10	110 212 20 20	108 189 21 22	65 215 16 17	73 232 18 19	36 151 18 16	7 189 16 14	8 216 23 24	97 115 23 20	97 95 19 18	20 99 18 16
../../data/training/a1223233322101231100.jpg	14	37 185 115 70	63 82 45 36	98 82 29 30	118 72 23 27	135 64 30 24	156 57 52 52	198 53 58 81	156 103 100 116	164 207 46 42	192 209 64 47	30 115 54 53	107 115 49 26	8 1 51 41	6 27 40 48
../../data/training/a1223233011110312230.jpg	31	68 7 21 21	38 36 21 18	15 40 19 17	1 93 18 20	22 80 19 18	28 109 16 19	125 119 17 17	130 94 20 18	136 68 19 16	58 180 21 24	10 194 19 19	89 203 20 21	113 208 14 19	131 191 21 15	149 230 20 20	163 247 22 9	182 213 22 21	165 190 20 21	163 213 21 16	137 212 12 13	120 151 19 19	106 128 18 17	76 98 16 17	71 57 18 14	189 32 20 23	216 14 18 18	83 182 16 18	239 35 17 18	140 140 23 20	142 121 19 17	90 228 17 18
../../data/training/a1223233322101231001.jpg	1	3 1 75 78
../../data/training/a1223233322101230010.jpg	5	1 7 76 113	30 96 91 96	221 217 35 39	106 181 37 38	173 3 83 121
../../data/training/a1223233011110312311.jpg	1	37 5 18 17
../../data/training/a1223233011110303310.jpg	20	179 6 23 32	209 54 23 21	190 58 21 20	173 62 18 20	139 37 21 21	124 23 20 14	137 14 18 15	157 11 16 14	105 26 18 17	116 48 23 19	158 32 19 19	154 65 15 16	133 68 21 20	114 73 17 18	57 98 23 23	37 104 20 16	15 107 20 18	22 148 24 23	51 149 22 19	75 147 24 21
../../data/training/a1223233322101213322.jpg	4	109 110 68 60	173 157 83 46	146 194 39 21	14 242 45 14
../../data/training/a3001010122303002121.jpg	1	181 164 20 22
../../data/training/a1223322022320013232.jpg	1	79 83 23 18
../../data/training/a1223233322101231312.jpg	1	1 1 60 178
../../data/training/a1223322022320013210.jpg	3	189 174 20 24	174 210 16 17	161 171 16 18
../../data/training/a1223233322101213123.jpg	6	113 37 69 63	133 167 56 46	185 177 34 49	186 222 49 34	233 1 23 23	132 1 31 15
../../data/training/a1223233322101230112.jpg	3	138 170 118 86	209 1 47 35	1 214 42 42
../../data/training/a1223233322101231020.jpg	2	1 22 117 151	1 176 79 80
../../data/training/a1223233322101213102.jpg	1	144 196 61 60
../../data/training/a1223233011110330103.jpg	3	103 145 20 20	233 1 21 23	235 239 21 17
../../data/training/a1223233011110330102.jpg	9	5 145 32 34	37 144 19 26	31 88 19 19	148 122 20 18	156 137 23 27	160 169 20 24	245 184 11 24	238 205 18 24	98 76 15 15
../../data/training/a1223233322101203323.jpg	3	1 30 81 72	101 1 83 70	115 71 97 58
../../data/training/a1223233322101213300.jpg	5	132 59 106 159	141 22 60 41	124 1 70 29	196 0 60 29	206 21 50 115
../../data/training/a1223233003000313312.jpg	2	78 17 24 24	45 19 26 21
../../data/training/a1223233322101213223.jpg	6	98 1 102 74	32 1 65 53	24 63 57 65	62 125 66 86	121 121 125 128	1 180 62 76
../../data/training/a1223233322101231110.jpg	2	99 1 104 16	184 213 49 43
../../data/training/a1223233011110312210.jpg	31	49 5 24 24	17 4 22 19	29 34 21 22	54 34 19 21	10 46 17 17	148 86 21 22	98 81 20 19	78 154 18 15	28 133 20 19	12 157 17 16	20 173 17 16	18 189 22 22	5 218 17 21	19 237 18 18	32 219 17 14	50 234 20 19	111 236 20 20	149 204 18 18	172 194 22 22	153 173 21 23	175 177 15 16	185 167 16 19	204 160 18 18	164 144 22 25	142 136 18 18	131 174 17 17	111 167 17 18	136 241 18 15	204 247 16 9	52 148 21 22	64 133 18 17
../../data/training/a1223233011110312213.jpg	17	238 163 18 24	213 158 25 28	240 189 16 21	243 232 13 19	214 225 21 20	202 244 19 12	224 247 18 9	108 231 21 20	97 151 30 28	41 125 17 19	49 144 15 15	54 160 16 18	20 45 22 25	17 181 21 23	1 208 11 25	72 242 18 14	35 102 19 20
../../data/training/a1223233322101212002.jpg	5	1 92 37 34	1 61 19 25	19 202 49 54	63 144 84 96	82 236 64 19
../../data/training/a1223233322101231000.jpg	8	4 2 97 104	107 1 44 19	114 91 44 32	140 129 104 99	232 229 24 27	33 227 41 29	1 142 23 35	1 198 22 43
../../data/training/a1223233322101212330.jpg	3	46 41 106 101	1 1 48 35	56 185 104 71
../../data/training/0033.jpg	13	575 324 30 30	217 176 30 30	273 150 30 30	950 473 30 30	1041 598 30 30	1044 633 30 32	862 767 30 30	876 814 30 30	733 647 40 36	693 615 30 30	705 806 30 30	676 823 30 30	526 1002 30 30
../../data/training/a1223233011110331200.jpg	2	67 65 29 31	28 77 25 23
../../data/training/a1223233322101212231.jpg	4	142 1 65 87	210 1 40 54	1 1 76 140	204 216 34 25
../../data/training/a1223233322101213020.jpg	3	192 86 64 64	41 96 139 128	1 209 58 47
../../data/training/a1223233011110312201.jpg	17	179 82 16 19	198 89 15 18	17 52 25 26	13 79 26 24	25 110 20 23	51 114 21 21	13 139 19 19	26 158 19 19	50 174 20 18	36 193 20 18	36 218 17 17	51 225 20 21	193 145 21 22	205 111 19 19	248 22 8 21	120 1 16 12	176 21 22 20
../../data/training/a1223233011110313023.jpg	1	196 111 20 21
../../data/training/a1223233322101231101.jpg	4	81 5 40 38	1 1 63 30	1 136 27 119	213 100 39 73
../../data/training/a1223233322101231033.jpg	1	19 8 67 68
../../data/training/a3001010122303012200.jpg	1	7 95 25 24
../../data/training/a1223322022320013000.jpg	1	23 5 30 34
../../data/training/a1223233011110303320.jpg	3	57 56 18 17	59 35 21 21	88 153 19 18
../../data/training/a1223233322101213003.jpg	6	217 82 29 33	139 125 50 26	183 147 31 26	179 171 29 26	192 182 30 28	182 205 33 50
../../data/training/a1223233322101231123.jpg	1	55 15 81 93
../../data/training/a1223233322101231203.jpg	5	168 18 66 76	74 71 132 66	1 104 80 63	115 190 141 63	4 1 127 110
../../data/training/a1223233322101213033.jpg	6	134 51 97 102	182 1 38 32	117 13 30 45	142 6 28 39	33 1 47 75	1 9 38 64
../../data/training/a1223233011110312133.jpg	24	168 139 77 116	216 139 40 93	72 74 56 64	1 123 51 58	101 1 94 102	186 34 28 33	5 180 19 17	23 176 22 17	8 200 24 22	34 198 20 18	52 180 18 16	65 162 18 16	87 158 25 20	72 184 21 16	60 200 21 21	56 223 19 18	37 220 16 16	15 228 19 19	45 243 19 13	68 243 22 13	89 228 28 27	117 227 21 22	137 217 22 24	97 209 19 15
../../data/training/a1223233322101231212.jpg	2	100 76 156 59	140 132 116 93
../../data/training/a1223233322101213012.jpg	1	33 1 72 64
../../data/training/a1223322022320012332.jpg	1	1 45 18 39
../../data/training/a1223233322101230021.jpg	4	39 1 130 105	1 45 120 161	29 178 102 78	113 64 143 192
../../data/training/a1223233322101213021.jpg	5	1 68 81 72	76 57 149 66	201 195 55 61	33 170 156 85	229 54 27 102
../../data/training/0022.jpg	40	485 23 30 30	486 71 32 42	581 252 30 30	1035 359 30 30	1065 389 30 30	950 550 30 30	847 766 30 30	822 742 30 30	822 707 30 30	859 679 30 30	881 751 30 30	962 766 30 30	988 742 30 30	1026 737 30 30	1147 844 30 30	1158 869 30 30	1178 849 30 30	1233 860 30 30	1240 886 30 30	1256 910 30 30	1079 973 30 30	1082 1068 30 30	1796 924 30 30	1789 897 30 30	1794 826 30 30	1841 799 30 30	1839 774 30 30	1841 734 30 30	1805 770 30 30	1799 696 30 30	1800 673 30 30	1534 606 30 30	1609 546 30 30	1957 510 30 30	1548 224 30 30	1623 188 30 30	1522 270 30 30	1191 247 30 30	1377 230 30 30	1642 11 30 30
../../data/training/a1223233322101230202.jpg	13	32 20 106 85	1 1 123 75	136 1 120 76	171 45 74 61	181 87 75 83	42 102 55 48	94 80 62 55	110 128 61 52	56 150 51 48	92 222 118 34	74 190 73 55	129 177 69 49	197 167 59 51
../../data/training/a1223233322101212021.jpg	3	138 50 56 77	35 1 111 77	38 122 90 106
../../data/training/a1223233011110312030.jpg	16	39 219 19 19	28 209 14 14	20 192 17 19	42 180 17 22	61 187 20 18	38 144 20 18	57 128 21 22	91 138 22 20	96 161 21 24	118 158 20 19	132 148 20 20	152 199 20 17	111 245 20 11	174 236 20 19	65 109 22 23	68 226 18 19
../../data/training/a1223233322101230023.jpg	1	110 5 98 100
../../data/training/a1223233322101203313.jpg	5	72 123 79 133	59 17 81 97	136 142 63 78	155 83 73 30	208 71 24 10
../../data/training/a1223233322101203302.jpg	7	65 40 145 73	112 1 65 30	1 8 29 28	1 180 43 76	1 136 24 42	1 33 23 34	89 120 159 73
../../data/training/a1223233322101212202.jpg	6	19 101 47 23	17 182 94 74	213 121 43 27	216 1 40 41	228 233 28 23	19 1 98 10
../../data/training/a3001010122303012202.jpg	2	201 60 17 17	211 19 13 16
../../data/training/a1223233322101230211.jpg	4	1 1 108 65	1 48 60 57	19 19 237 200	1 172 92 84
../../data/training/a1223233322101231010.jpg	1	37 135 105 57
../../data/training/a1223233322101212322.jpg	3	5 88 105 147	1 1 72 113	174 1 49 25
../../data/training/a1223233011110312220.jpg	14	202 12 27 28	237 8 19 20	204 46 19 22	218 109 22 23	239 110 17 24	167 134 29 29	59 144 22 22	32 148 15 16	60 80 20 20	78 68 17 18	65 26 21 22	32 90 17 17	202 141 17 19	198 120 19 17
../../data/training/a1223233011110312302.jpg	10	231 136 24 24	192 76 23 25	173 80 18 18	176 99 15 15	181 116 14 12	191 133 16 16	26 167 17 18	40 185 12 16	142 218 19 20	182 214 19 20
../../data/training/a1223233322101212013.jpg	11	1 177 70 72	142 192 91 64	117 104 85 78	78 128 23 43	80 172 52 44	220 149 34 17	95 1 82 41	207 77 30 21	32 46 42 81	1 79 34 102	31 1 18 21
../../data/training/a1223233011110312303.jpg	16	202 100 19 23	215 122 25 27	222 160 24 25	218 225 19 18	230 248 18 8	202 16 19 20	172 16 22 22	219 3 17 21	243 10 13 25	222 29 19 17	210 43 20 21	191 44 20 17	247 54 9 19	247 144 9 15	245 154 11 25	16 174 15 19
../../data/training/a1223233011110312023.jpg	17	49 201 22 21	43 248 22 8	211 184 18 19	206 159 17 21	197 129 25 21	196 42 18 22	58 63 19 19	102 1 18 18	118 5 17 17	236 197 17 21	214 206 19 19	217 240 20 16	171 248 21 8	184 159 18 19	233 13 15 18	226 34 13 15	240 27 16 17
../../data/training/a1223233322101213232.jpg	7	25 32 21 21	71 72 19 19	84 90 19 18	188 85 21 19	195 112 16 19	204 1 17 12	109 1 70 34
../../data/training/a1223322022320013202.jpg	2	128 1 24 17	178 3 17 15
../../data/training/a1223233011110321302.jpg	6	142 225 18 17	136 246 19 10	164 153 19 21	168 189 15 21	151 169 16 21	83 194 14 19
../../data/training/a1223233322101230012.jpg	5	117 180 139 75	101 148 85 82	1 16 85 122	1 106 42 100	196 1 60 68
../../data/training/a1223233322101213030.jpg	3	13 20 140 69	74 116 120 115	1 188 70 66
../../data/training/a1223233011110312122.jpg	20	213 196 43 60	112 1 72 41	25 130 19 24	18 191 23 21	118 191 21 20	171 180 21 20	193 223 26 27	202 152 20 21	209 88 18 19	225 77 17 21	242 79 14 27	196 60 17 19	174 66 20 21	178 48 17 17	162 36 20 20	126 58 16 17	149 77 16 17	204 1 22 15	225 7 16 17	251 18 5 17
../../data/training/a1223233011110303333.jpg	26	1 50 17 18	119 9 21 21	150 12 22 20	171 8 16 17	186 19 22 19	195 39 19 16	213 23 19 16	231 19 23 22	238 2 16 15	247 43 9 18	226 44 19 18	198 76 21 19	187 101 24 24	162 128 18 20	139 137 18 18	58 135 19 21	47 103 19 18	41 171 19 18	57 191 20 14	53 230 17 16	102 223 20 19	86 235 19 19	105 244 20 12	33 237 17 16	18 248 15 8	51 248 19 8
../../data/training/a1223233011110312033.jpg	5	228 142 21 21	222 208 21 21	202 235 26 21	161 223 20 22	120 242 23 14
../../data/training/a1223233011110321312.jpg	8	129 1 84 43	68 158 22 19	89 181 27 24	124 207 22 15	193 184 29 34	232 187 22 26	17 143 25 17	4 104 18 19
../../data/training/a1223233322101213213.jpg	8	12 204 20 19	39 209 18 18	31 232 16 20	6 233 19 20	213 74 43 91	208 183 26 21	179 203 42 44	148 227 45 29
../../data/training/0020.jpg	118	943 1065 1 1	920 997 30 30	973 1000 30 30	982 1045 30 30	1142 1138 30 30	1164 1088 30 30	1016 877 30 30	1044 857 30 30	1080 840 30 30	1083 782 30 30	1054 905 30 30	1080 877 30 30	1113 874 30 30	1113 917 30 30	1093 955 30 30	1141 983 30 30	1163 948 30 30	1111 981 30 30	1245 1003 30 30	1276 1000 30 30	1257 952 30 30	1287 927 30 30	1307 945 30 30	1242 878 30 30	1254 1067 30 30	1295 1099 30 30	1310 1079 30 30	1352 1074 30 30	1341 1112 30 30	1376 1104 30 30	1385 1073 30 30	1438 1113 30 30	1334 1006 30 30	1387 1140 30 30	1670 1177 30 30	1718 1018 30 30	1710 990 30 30	1735 994 30 30	1761 983 30 30	1732 966 30 30	1713 899 30 30	1693 889 30 30	1761 1020 30 30	1772 1039 30 30	1800 1062 30 30	1595 891 30 30	1600 861 30 30	1617 843 30 30	1634 810 30 30	1626 784 30 30	1586 818 30 30	1509 866 30 30	1486 914 30 30	1461 914 30 30	1480 832 30 30	1471 779 30 30	1433 808 30 30	1373 840 30 30	1394 864 30 30	1177 675 30 30	1220 656 30 30	1172 600 30 30	1032 533 30 30	1030 462 30 30	998 451 30 30	962 441 30 30	993 309 30 30	1005 277 30 30	1187 183 30 30	1167 171 30 30	1147 147 30 30	1243 3 30 30	1520 315 30 30	1545 326 30 30	1530 287 31 30	1567 280 30 30	1567 238 30 30	1604 231 30 30	1598 273 30 30	1634 270 30 30	1626 294 30 30	1810 196 30 30	1822 160 30 30	1817 129 30 30	1852 121 30 30	1859 146 30 30	1878 168 30 30	1904 297 30 30	1937 326 30 30	1946 357 30 30	1970 351 30 30	1953 309 30 30	1974 283 30 30	1974 258 30 30	1836 91 30 30	1859 85 30 30	1841 65 30 30	1842 25 30 30	1897 79 30 30	1922 149 30 30	1918 113 30 30	1914 25 30 30	1730 595 30 30	1733 543 30 30	1704 521 30 30	1702 455 30 30	1716 434 30 30	1729 415 30 30	1782 524 30 30	1800 510 30 30	1830 491 30 30	1810 417 30 30	1841 431 30 30	1828 532 30 30	1852 532 30 30	1917 521 30 30	1245 490 30 30	1264 515 30 30
../../data/training/a1223233011110313031.jpg	1	8 77 22 23
../../data/training/a1223233011110330111.jpg	13	162 161 25 23	36 112 21 22	59 115 23 19	64 132 18 20	63 155 19 22	64 179 24 23	16 141 21 20	1 111 20 24	18 104 19 18	34 112 23 26	10 81 19 18	2 59 20 17	16 31 21 24
../../data/training/a1223233322101230210.jpg	4	6 147 157 109	1 88 74 103	223 163 33 49	154 1 102 95
../../data/training/0015.jpg	18	752 645 30 30	842 662 30 30	838 511 30 30	789 479 30 30	931 513 30 30	937 432 30 30	1007 519 30 30	1281 653 30 30	1329 480 30 30	1388 532 30 30	1293 528 35 36	1471 488 30 30	1027 885 30 30	976 892 30 30	916 918 45 35	810 896 30 30	822 854 30 30	1217 777 30 30
../../data/training/a1223233322101221313.jpg	2	50 1 176 149	25 165 178 91
../../data/training/a1223233011110321033.jpg	1	41 231 18 22
../../data/training/a1223233011110330001.jpg	9	239 209 17 26	63 182 27 28	48 156 23 20	69 119 24 27	57 55 17 18	43 34 20 18	62 31 21 18	119 38 29 26	249 233 7 13
../../data/training/a1223233322101213031.jpg	5	3 85 157 81	245 192 11 17	220 161 28 32	141 203 78 53	233 209 23 47
../../data/training/a1223233003000313301.jpg	3	86 88 26 28	51 91 21 22	137 228 25 26
../../data/training/a1223233011110321211.jpg	1	50 79 20 20
../../data/training/a1223233322101212210.jpg	7	178 1 78 55	53 1 74 29	66 108 97 34	208 235 30 21	234 81 22 60	220 124 36 23	197 74 46 59
../../data/training/a1223233011110330201.jpg	19	230 185 26 27	198 180 27 21	170 170 21 27	166 195 20 20	165 219 17 18	210 216 21 20	238 221 17 20	165 138 20 25	220 71 15 17	105 32 16 16	80 25 17 17	8 22 21 19	105 110 21 30	84 191 29 30	131 200 22 26	50 225 17 17	118 235 17 16	45 247 20 9	27 245 22 11
../../data/training/0032.jpg	3	111 385 30 30	58 693 30 30	164 885 30 30
../../data/training/0031.jpg	17	1558 677 30 30	1603 573 30 30	1617 543 30 30	1646 567 30 30	1782 540 30 30	1824 518 30 30	449 727 30 30	509 822 30 30	621 798 30 30	436 657 30 30	368 909 30 30	366 884 30 30	404 837 30 30	433 72 30 30	502 60 30 30	816 310 30 30	791 340 30 30
../../data/training/a1223233011110331012.jpg	1	45 67 62 117
../../data/training/a1223233322101212333.jpg	3	74 1 88 119	199 1 57 74	1 139 71 74
../../data/training/a1223233011110312202.jpg	21	67 6 19 20	51 28 19 20	34 41 23 21	81 45 16 19	52 222 23 26	76 198 21 21	76 144 22 23	59 136 16 20	39 131 18 21	98 141 19 21	98 118 21 18	104 101 18 19	88 86 16 15	85 68 16 17	105 66 22 22	113 87 15 16	93 32 16 17	211 158 20 20	232 235 20 21	246 221 10 25	213 232 19 20
../../data/training/a1223233003001203101.jpg	3	55 141 18 16	52 174 19 19	76 203 25 26
../../data/training/0019.jpg	26	1121 53 30 30	1153 68 30 30	1554 200 30 30	1582 172 30 30	1626 244 30 31	1582 286 30 30	1789 483 30 30	1873 448 30 30	1838 494 30 32	1836 429 30 30	1806 446 30 30	1401 653 30 30	1449 687 30 30	1371 712 30 30	1323 766 30 30	1525 780 30 30	1565 756 30 30	1559 798 30 30	1539 861 30 30	1502 889 30 30	1472 829 30 30	1578 903 30 30	1615 927 30 30	1586 950 30 30	1920 1091 30 30	537 74 30 30
../../data/training/a1223233322101221103.jpg	5	178 69 71 55	91 80 84 50	61 120 84 102	142 126 106 67	163 206 93 50
../../data/training/a1223233322101230033.jpg	5	1 1 74 42	24 1 118 92	71 42 85 82	103 90 103 104	1 194 89 60
../../data/training/a1223233011110312330.jpg	26	13 90 16 19	10 147 25 25	42 133 22 22	16 120 18 23	31 80 16 21	83 31 24 22	74 1 20 17	80 54 18 18	88 69 19 20	109 59 20 21	134 72 20 22	107 81 23 24	108 107 24 20	83 118 24 23	68 134 15 18	202 129 19 20	172 145 18 19	195 151 21 21	206 108 19 22	212 81 23 22	213 44 20 20	214 21 21 19	217 1 17 19	158 34 18 19	224 194 18 22	246 189 10 22
../../data/training/a1223233322101231030.jpg	1	124 33 31 19
../../data/training/a1223233011110312203.jpg	21	154 181 24 22	74 221 19 19	54 244 19 12	85 248 14 8	187 241 22 15	200 226 19 22	192 206 18 18	243 231 13 19	228 142 19 21	249 141 7 21	230 93 22 22	220 77 20 22	204 77 18 21	199 58 20 19	168 56 24 23	161 31 16 17	206 32 21 21	231 34 16 13	245 67 11 21	64 195 18 19	6 1 19 16
../../data/training/a1223233322101230300.jpg	7	51 54 205 202	202 71 54 70	238 129 18 36	199 19 57 48	184 53 39 28	160 8 32 31	28 1 116 69
../../data/training/a1223233011110303312.jpg	4	41 36 20 21	14 39 21 19	176 234 19 20	191 246 21 10
../../data/training/a1223233011110312022.jpg	26	211 141 17 17	234 67 19 22	231 46 20 21	172 53 18 20	216 69 14 17	193 74 20 20	155 158 18 19	141 180 19 18	123 186 20 18	103 187 19 19	49 160 19 19	45 127 24 24	60 79 20 17	68 63 14 13	87 4 18 20	118 40 22 22	129 62 15 19	103 63 19 20	114 81 21 24	152 92 21 22	131 112 16 17	146 133 21 22	86 216 18 18	103 115 17 18	59 189 11 12	105 20 13 12
../../data/training/a1223233322101212203.jpg	5	1 1 103 43	1 105 104 46	157 13 99 68	240 60 16 106	1 222 115 34
../../data/training/a1223322022320031010.jpg	7	171 97 20 17	229 73 21 20	242 110 14 22	218 130 17 19	180 226 13 12	156 244 21 12	215 49 13 13
../../data/training/0034.jpg	17	234 36 30 30	268 29 30 30	380 355 30 30	407 385 30 30	285 982 30 30	410 1168 30 30	408 1119 30 30	1026 840 30 30	1506 848 30 30	1509 977 32 30	1180 1153 30 30	1099 652 30 30	1575 887 30 30	570 298 30 30	694 221 30 30	666 189 30 30	1023 808 30 30
../../data/training/0021.jpg	72	71 0 30 27	88 29 30 30	107 56 30 30	111 32 30 30	113 0 30 30	80 56 30 30	58 36 30 30	47 54 30 30	74 85 30 30	19 53 30 30	0 50 23 30	38 96 30 30	41 151 30 30	44 172 30 30	72 177 30 30	94 193 30 30	37 200 30 30	37 217 30 30	18 224 31 30	0 189 28 30	23 298 30 30	51 308 30 30	209 236 30 30	223 258 30 30	250 314 30 30	267 154 30 30	264 199 30 30	429 88 30 30	419 20 30 30	558 143 30 30	551 101 30 30	1044 0 30 30	1075 165 30 30	1097 227 30 30	1223 298 30 30	1264 356 30 30	1275 382 30 30	1099 543 30 30	1041 530 30 30	1189 119 30 30	1206 102 30 32	1343 20 32 30	1393 14 30 30	1363 53 30 30	1663 54 30 30	1701 48 30 30	1878 71 30 30	1887 31 30 30	1911 93 30 32	1544 255 30 30	1578 286 30 30	722 799 6 1	592 812 30 30	690 860 30 30	382 686 30 30	391 654 30 30	379 628 30 30	309 634 30 30	315 530 30 30	485 566 30 30	523 507 30 30	679 519 30 30	677 468 30 30	659 558 30 30	32 538 30 30	298 328 30 30	1652 1074 30 30	1691 1088 30 30	1838 768 30 30	1880 807 30 30	1922 770 30 30	1808 569 30 30
../../data/training/a1223233322101231213.jpg	8	186 90 70 85	21 58 119 103	33 85 79 72	7 82 26 104	3 185 91 32	1 217 85 39	177 179 32 26	212 222 44 33
../../data/training/a1223233322101212222.jpg	11	83 52 173 140	45 117 45 40	202 164 43 44	163 174 58 55	99 197 82 59	2 122 93 101	46 203 83 53	222 192 34 61	195 211 51 45	167 218 48 38	132 238 47 18
../../data/training/a1223233322101212023.jpg	3	1 33 120 49	151 95 41 130	1 153 117 39
../../data/training/a1223233322101213320.jpg	3	1 29 42 75	66 22 68 61	202 132 29 35
../../data/training/a1223233011110330200.jpg	8	202 185 21 19	177 189 21 26	209 163 22 16	224 176 17 23	244 221 12 15	222 223 21 24	248 246 8 10	151 32 13 12
../../data/training/a1223322022320012113.jpg	1	6 35 250 169
../../data/training/a1223233322101230201.jpg	3	1 1 121 144	64 1 192 140	130 158 126 98
../../data/training/a1223233011110312223.jpg	14	240 188 16 18	229 224 18 17	236 242 18 14	113 211 25 24	120 193 18 13	87 172 16 18	67 178 18 18	46 178 20 22	50 147 18 17	69 141 20 20	28 124 22 19	73 46 19 18	101 1 22 20	192 27 21 21
../../data/training/a1223233322101221310.jpg	1	2 1 121 117
../../data/training/a1223233011110312331.jpg	8	44 180 22 19	28 169 20 19	18 190 19 21	39 203 21 26	52 230 12 14	52 247 20 9	48 9 17 21	1 193 10 22
../../data/training/a1223233011110312212.jpg	51	218 56 19 18	193 63 17 15	186 78 18 19	205 93 15 15	203 115 23 25	193 136 17 14	240 162 16 18	205 170 17 17	159 120 18 17	132 94 14 18	110 90 18 20	105 64 18 18	126 56 17 24	145 71 18 18	159 61 15 19	169 76 14 16	177 56 13 16	193 31 17 22	176 34 15 15	153 39 16 17	183 17 15 18	205 16 15 16	158 6 20 19	142 12 16 19	133 30 15 21	95 48 20 19	89 27 17 17	108 27 20 18	102 6 20 17	83 9 15 17	66 2 19 17	25 66 19 23	50 61 18 16	77 55 15 18	81 136 14 17	98 139 15 18	99 156 20 19	62 167 23 23	74 153 22 19	49 131 28 29	42 181 20 22	19 181 22 20	9 195 20 18	1 86 17 20	13 44 21 23	34 50 13 15	129 178 19 22	202 209 17 20	252 211 4 16	251 231 5 16	233 232 18 19
../../data/training/a1223233322101203311.jpg	5	75 1 63 49	73 48 70 65	61 126 90 130	206 0 50 63	241 142 15 58
../../data/training/a1223233011110330000.jpg	23	159 210 20 16	136 216 24 20	95 204 23 18	99 168 24 21	104 100 19 17	101 73 24 22	166 5 20 20	180 18 23 21	190 1 20 20	204 19 17 16	217 8 23 21	201 59 22 19	175 58 22 16	162 74 23 21	42 34 22 22	17 37 21 20	0 40 20 19	23 63 19 19	12 88 25 25	1 98 10 21	26 226 22 23	14 246 20 10	57 235 22 20
../../data/training/a1223233322101213130.jpg	3	1 130 40 80	113 6 31 31	147 5 85 87
../../data/training/a1223233322101213330.jpg	3	77 23 57 73	20 129 113 127	169 194 68 62
../../data/training/a1223233322101231201.jpg	2	1 170 115 80	57 212 84 44
../../data/training/a1223233011110321311.jpg	1	169 193 66 63
../../data/training/a1223233322101230302.jpg	4	1 1 95 153	142 167 69 89	1 165 104 91	219 205 37 51
../../data/training/a1223233322101230110.jpg	3	1 1 108 49	78 46 81 96	213 216 43 40
../../data/training/a1223233322101221133.jpg	4	36 31 167 178	31 1 59 42	11 29 56 54	1 120 125 136
../../data/training/a1223233011110321120.jpg	11	234 191 18 19	180 172 19 18	157 177 17 17	133 177 18 16	81 185 21 19	55 93 17 16	64 52 17 19	41 59 18 19	147 39 19 18	206 122 11 12	32 188 17 18
../../data/training/a1223233322101221311.jpg	3	1 141 139 115	46 4 176 159	206 205 50 51
../../data/training/a1223233011110330311.jpg	1	153 156 28 35
../../data/training/a1223233322101212020.jpg	3	74 27 80 70	222 56 34 66	81 1 72 24
../../data/training/a1223233322101212332.jpg	6	89 1 106 73	237 146 19 64	31 215 70 41	137 1 57 50	91 25 62 48	1 164 30 87
../../data/training/a1223322022320012130.jpg	2	30 73 26 23	103 112 19 17
../../data/training/a1223233322101231303.jpg	3	1 45 171 92	154 86 102 69	194 1 62 113
../../data/training/a1223233322101212200.jpg	7	28 1 97 26	79 69 42 43	22 107 99 50	222 131 34 41	225 13 31 51	21 230 41 26	80 230 27 25
../../data/training/a1223233322101230102.jpg	2	48 1 190 134	85 198 60 56
../../data/training/a1223233322101213023.jpg	5	74 28 139 105	1 114 71 62	172 201 81 55	142 237 38 19	206 1 43 15
../../data/training/a1223233322101212132.jpg	4	1 186 33 70	35 180 30 52	191 226 65 30	155 236 31 20
../../data/training/a1223233011110312300.jpg	10	205 3 51 46	217 61 23 23	223 92 17 17	193 100 23 19	165 146 21 22	160 206 21 20	193 211 21 21	195 234 21 20	157 250 21 6	185 250 14 6
../../data/training/a1223233322101230200.jpg	1	1 1 200 211
../../data/training/0002.jpg	7	1443 501 30 30	1467 494 30 30	1730 780 30 30	1710 441 30 30	1712 352 30 30	1603 436 30 30	1915 717 30 30
