../data/inhabited/0032.jpg	3	111 385 30 30	58 693 30 30	164 885 30 30
../data/inhabited/0034.jpg	17	234 36 30 30	268 29 30 30	380 355 30 30	407 385 30 30	285 982 30 30	410 1168 30 30	408 1119 30 30	1026 840 30 30	1506 848 30 30	1509 977 32 30	1180 1153 30 30	1099 652 30 30	1575 887 30 30	570 298 30 30	694 221 30 30	666 189 30 30	1023 808 30 30
../data/inhabited/0001.jpg	10	596 1150 30 30	575 1142 30 30	548 1120 30 30	562 1108 30 30	581 1103 30 30	610 1117 30 30	626 1106 30 30	556 1083 30 30	579 1071 30 30	1474 38 30 30
../data/inhabited/0007.jpg	9	391 890 30 30	429 853 30 30	506 840 30 30	486 789 30 30	382 128 30 30	435 122 30 30	1360 929 30 30	1346 957 30 30	1379 999 30 30
../data/inhabited/0020.jpg	118	943 1065 1 1	920 997 30 30	973 1000 30 30	982 1045 30 30	1142 1138 30 30	1164 1088 30 30	1016 877 30 30	1044 857 30 30	1080 840 30 30	1083 782 30 30	1054 905 30 30	1080 877 30 30	1113 874 30 30	1113 917 30 30	1093 955 30 30	1141 983 30 30	1163 948 30 30	1111 981 30 30	1245 1003 30 30	1276 1000 30 30	1257 952 30 30	1287 927 30 30	1307 945 30 30	1242 878 30 30	1254 1067 30 30	1295 1099 30 30	1310 1079 30 30	1352 1074 30 30	1341 1112 30 30	1376 1104 30 30	1385 1073 30 30	1438 1113 30 30	1334 1006 30 30	1387 1140 30 30	1670 1177 30 30	1718 1018 30 30	1710 990 30 30	1735 994 30 30	1761 983 30 30	1732 966 30 30	1713 899 30 30	1693 889 30 30	1761 1020 30 30	1772 1039 30 30	1800 1062 30 30	1595 891 30 30	1600 861 30 30	1617 843 30 30	1634 810 30 30	1626 784 30 30	1586 818 30 30	1509 866 30 30	1486 914 30 30	1461 914 30 30	1480 832 30 30	1471 779 30 30	1433 808 30 30	1373 840 30 30	1394 864 30 30	1177 675 30 30	1220 656 30 30	1172 600 30 30	1032 533 30 30	1030 462 30 30	998 451 30 30	962 441 30 30	993 309 30 30	1005 277 30 30	1187 183 30 30	1167 171 30 30	1147 147 30 30	1243 3 30 30	1520 315 30 30	1545 326 30 30	1530 287 31 30	1567 280 30 30	1567 238 30 30	1604 231 30 30	1598 273 30 30	1634 270 30 30	1626 294 30 30	1810 196 30 30	1822 160 30 30	1817 129 30 30	1852 121 30 30	1859 146 30 30	1878 168 30 30	1904 297 30 30	1937 326 30 30	1946 357 30 30	1970 351 30 30	1953 309 30 30	1974 283 30 30	1974 258 30 30	1836 91 30 30	1859 85 30 30	1841 65 30 30	1842 25 30 30	1897 79 30 30	1922 149 30 30	1918 113 30 30	1914 25 30 30	1730 595 30 30	1733 543 30 30	1704 521 30 30	1702 455 30 30	1716 434 30 30	1729 415 30 30	1782 524 30 30	1800 510 30 30	1830 491 30 30	1810 417 30 30	1841 431 30 30	1828 532 30 30	1852 532 30 30	1917 521 30 30	1245 490 30 30	1264 515 30 30
../data/inhabited/0023.jpg	26	593 36 30 30	657 39 30 30	673 85 30 30	688 112 30 30	778 76 30 30	844 62 30 30	856 151 32 30	329 407 30 30	376 339 30 30	435 280 30 30	371 211 30 30	131 340 30 30	128 303 30 30	32 779 30 30	1273 191 30 30	1023 575 30 30	1097 572 30 30	1147 588 30 30	1139 642 30 30	1117 686 30 30	1072 695 30 30	1037 1151 30 30	1275 1154 30 30	125 1127 30 30	1030 1154 30 30	995 650 30 30
../data/inhabited/0031.jpg	17	1558 677 30 30	1603 573 30 30	1617 543 30 30	1646 567 30 30	1782 540 30 30	1824 518 30 30	449 727 30 30	509 822 30 30	621 798 30 30	436 657 30 30	368 909 30 30	366 884 30 30	404 837 30 30	433 72 30 30	502 60 30 30	816 310 30 30	791 340 30 30
../data/inhabited/0013.jpg	13	1589 177 30 30	1674 166 30 30	1746 214 30 30	1764 259 37 40	1709 519 41 37	1698 466 30 30	1694 424 30 30	1643 407 30 30	1596 412 30 30	1624 468 30 30	1656 525 30 30	1618 527 30 30	1589 535 30 30
../data/inhabited/0009.jpg	19	173 759 30 30	298 606 30 30	289 533 30 30	450 787 30 30	377 794 30 30	523 967 30 30	573 833 30 30	646 807 30 30	788 877 30 30	942 1070 30 30	1047 917 30 30	186 812 30 30	1486 1001 30 30	1741 1155 30 30	1754 1105 30 30	1775 1073 30 30	1822 964 30 30	1847 900 30 30	1716 962 30 30
../data/inhabited/0029.jpg	5	1374 1098 30 30	1306 1117 30 30	1433 564 30 30	1049 591 30 30	1004 1072 30 30
../data/inhabited/0003.jpg	21	363 1170 30 30	298 1106 30 30	483 1053 30 30	1516 878 30 30	1554 702 30 30	1276 531 30 30	1858 445 30 30	1861 489 30 30	1814 509 30 30	1855 408 30 30	1704 316 30 30	1581 397 30 30	1609 336 30 30	743 308 30 30	724 106 30 30	792 71 30 30	825 61 30 30	889 279 30 30	369 265 30 30	363 315 30 30	995 808 30 30
../data/inhabited/0016.jpg	53	917 46 30 30	967 93 30 30	819 138 30 30	862 202 30 30	1019 188 30 30	1007 249 30 30	1389 155 2 1	1419 93 30 30	1433 154 30 30	1530 421 30 30	1526 477 30 30	1436 507 30 30	839 306 30 30	822 381 32 30	777 284 30 30	680 357 30 30	998 378 31 30	1102 434 30 31	995 494 30 30	884 563 30 30	778 594 30 30	887 642 30 30	775 696 30 30	702 611 30 30	666 485 30 30	724 485 30 30	704 752 30 30	771 784 30 30	864 756 30 30	932 768 30 30	1172 679 30 30	1152 766 30 30	1159 836 30 30	1152 885 31 30	1262 849 30 30	1287 900 30 30	1351 860 30 30	1430 942 30 30	1463 903 30 30	1467 860 30 30	1554 791 30 30	1604 916 30 30	819 843 30 30	687 871 30 30	624 861 30 30	741 987 30 30	1128 967 30 30	1360 1085 30 30	1457 1152 30 30	1592 1105 30 30	1600 1166 30 30	1522 1182 30 30	868 111 37 36
../data/inhabited/0019.jpg	26	1121 53 30 30	1153 68 30 30	1554 200 30 30	1582 172 30 30	1626 244 30 31	1582 286 30 30	1789 483 30 30	1873 448 30 30	1838 494 30 32	1836 429 30 30	1806 446 30 30	1401 653 30 30	1449 687 30 30	1371 712 30 30	1323 766 30 30	1525 780 30 30	1565 756 30 30	1559 798 30 30	1539 861 30 30	1502 889 30 30	1472 829 30 30	1578 903 30 30	1615 927 30 30	1586 950 30 30	1920 1091 30 30	537 74 30 30
../data/inhabited/0027.jpg	6	1108 27 30 30	1030 416 30 30	1684 702 30 30	47 1016 30 30	276 1144 30 30	177 237 30 30
../data/inhabited/0011.jpg	21	999 553 30 30	1032 434 30 30	1066 510 30 30	1111 449 30 30	1498 294 30 30	1508 228 30 30	1550 269 30 30	1568 224 30 30	1578 286 30 30	1573 353 30 30	1610 451 30 30	1682 373 30 30	1740 328 30 30	1859 343 30 30	1704 864 30 30	1769 878 30 30	1806 788 30 30	1802 752 30 30	1892 886 30 30	1545 1118 30 30	1429 931 30 30
../data/inhabited/0033.jpg	13	575 324 30 30	217 176 30 30	273 150 30 30	950 473 30 30	1041 598 30 30	1044 633 30 32	862 767 30 30	876 814 30 30	733 647 40 36	693 615 30 30	705 806 30 30	676 823 30 30	526 1002 30 30
../data/inhabited/0021.jpg	72	71 0 30 27	88 29 30 30	107 56 30 30	111 32 30 30	113 0 30 30	80 56 30 30	58 36 30 30	47 54 30 30	74 85 30 30	19 53 30 30	0 50 23 30	38 96 30 30	41 151 30 30	44 172 30 30	72 177 30 30	94 193 30 30	37 200 30 30	37 217 30 30	18 224 31 30	0 189 28 30	23 298 30 30	51 308 30 30	209 236 30 30	223 258 30 30	250 314 30 30	267 154 30 30	264 199 30 30	429 88 30 30	419 20 30 30	558 143 30 30	551 101 30 30	1044 0 30 30	1075 165 30 30	1097 227 30 30	1223 298 30 30	1264 356 30 30	1275 382 30 30	1099 543 30 30	1041 530 30 30	1189 119 30 30	1206 102 30 32	1343 20 32 30	1393 14 30 30	1363 53 30 30	1663 54 30 30	1701 48 30 30	1878 71 30 30	1887 31 30 30	1911 93 30 32	1544 255 30 30	1578 286 30 30	722 799 6 1	592 812 30 30	690 860 30 30	382 686 30 30	391 654 30 30	379 628 30 30	309 634 30 30	315 530 30 30	485 566 30 30	523 507 30 30	679 519 30 30	677 468 30 30	659 558 30 30	32 538 30 30	298 328 30 30	1652 1074 30 30	1691 1088 30 30	1838 768 30 30	1880 807 30 30	1922 770 30 30	1808 569 30 30
../data/inhabited/0012.jpg	21	559 133 30 30	619 553 3 1	670 616 30 30	587 644 30 30	702 664 30 30	808 682 30 30	814 745 30 30	705 724 30 30	637 757 30 30	687 805 30 30	735 785 30 30	757 749 30 30	802 804 30 30	749 827 30 30	682 846 30 30	653 892 35 39	728 923 47 48	773 957 52 45	793 895 35 34	840 957 36 39	1976 242 30 30
../data/inhabited/0014.jpg	2	1129 704 49 45	1058 780 30 30
../data/inhabited/0015.jpg	18	752 645 30 30	842 662 30 30	838 511 30 30	789 479 30 30	931 513 30 30	937 432 30 30	1007 519 30 30	1281 653 30 30	1329 480 30 30	1388 532 30 30	1293 528 35 36	1471 488 30 30	1027 885 30 30	976 892 30 30	916 918 45 35	810 896 30 30	822 854 30 30	1217 777 30 30
../data/inhabited/0004.jpg	2	505 899 30 30	523 1001 30 30
../data/inhabited/0008.jpg	21	1201 179 30 30	1285 223 30 30	1309 223 30 30	1354 228 30 30	1237 287 30 30	1340 274 30 30	1413 308 30 30	1673 308 30 30	1646 526 30 30	988 728 30 30	1097 798 30 30	1251 786 30 30	1229 823 30 30	1049 912 30 30	1086 904 30 30	985 885 30 30	962 850 30 30	954 909 30 30	1093 1094 30 30	1239 1050 30 30	1363 1013 30 30
../data/inhabited/0030.jpg	4	1418 198 30 30	1488 139 30 30	1528 144 30 30	512 215 30 30
../data/inhabited/0006.jpg	23	222 554 30 30	163 534 30 30	526 1043 30 30	489 943 30 30	494 1008 30 30	1055 386 30 30	1404 364 30 30	1402 326 30 30	1433 22 30 30	1685 767 30 30	1895 887 30 30	1915 864 30 30	1931 899 30 30	1788 724 30 30	1872 747 30 30	1808 542 30 30	1864 551 30 30	1911 571 30 30	1889 498 30 30	1928 436 30 30	1953 503 30 30	1950 546 30 30	1932 604 30 30
../data/inhabited/0010.jpg	9	1060 278 30 30	853 278 30 30	859 334 30 30	523 334 30 30	620 322 30 30	694 303 30 30	321 359 30 30	1645 628 30 30	1587 709 30 30
../data/inhabited/0005.jpg	33	430 231 30 30	443 284 30 30	477 290 30 30	485 268 30 30	708 326 30 30	792 372 30 30	780 515 30 30	791 470 30 30	848 473 30 30	890 632 30 30	1054 627 30 30	1061 578 30 30	1094 382 30 30	1135 433 30 30	1079 593 30 30	1191 707 30 30	1275 602 30 30	1077 789 30 30	1220 910 30 30	1265 994 30 30	1323 957 30 30	1394 1057 30 30	1394 736 30 30	1463 742 30 30	1461 557 30 30	1522 567 30 30	1509 475 30 30	1446 410 30 30	1645 610 30 30	1614 536 30 30	1677 842 30 30	1712 868 31 30	1652 744 30 30
../data/inhabited/0024.jpg	8	430 445 30 30	485 432 30 30	485 490 30 30	1245 903 30 30	1290 919 30 31	1291 988 28 33	1387 735 30 30	1455 757 30 30
../data/inhabited/0025.jpg	3	1070 260 28 28	1117 242 26 20	1026 287 30 30
../data/inhabited/0022.jpg	40	485 23 30 30	486 71 32 42	581 252 30 30	1035 359 30 30	1065 389 30 30	950 550 30 30	847 766 30 30	822 742 30 30	822 707 30 30	859 679 30 30	881 751 30 30	962 766 30 30	988 742 30 30	1026 737 30 30	1147 844 30 30	1158 869 30 30	1178 849 30 30	1233 860 30 30	1240 886 30 30	1256 910 30 30	1079 973 30 30	1082 1068 30 30	1796 924 30 30	1789 897 30 30	1794 826 30 30	1841 799 30 30	1839 774 30 30	1841 734 30 30	1805 770 30 30	1799 696 30 30	1800 673 30 30	1534 606 30 30	1609 546 30 30	1957 510 30 30	1548 224 30 30	1623 188 30 30	1522 270 30 30	1191 247 30 30	1377 230 30 30	1642 11 30 30
../data/inhabited/0002.jpg	7	1443 501 30 30	1467 494 30 30	1730 780 30 30	1710 441 30 30	1712 352 30 30	1603 436 30 30	1915 717 30 30
