../data/inhabited/0032.jpg	3	106 380 35 35	53 688 35 35	159 880 35 35
../data/inhabited/0034.jpg	17	229 31 35 35	263 24 35 35	375 350 35 35	402 380 35 35	280 977 35 35	405 1163 35 30	403 1114 35 35	1021 835 35 35	1501 843 35 35	1504 972 37 35	1175 1148 35 35	1094 647 35 35	1570 882 35 35	565 293 35 35	689 216 35 35	661 184 35 35	1018 803 35 35
../data/inhabited/0001.jpg	10	591 1145 35 35	570 1137 35 35	543 1115 35 35	557 1103 35 35	576 1098 35 35	605 1112 35 35	621 1101 35 35	551 1078 35 35	574 1066 35 35	1469 33 35 35
../data/inhabited/0007.jpg	9	386 885 35 35	424 848 35 35	501 835 35 35	481 784 35 35	377 123 35 35	430 117 35 35	1355 924 35 35	1341 952 35 35	1374 994 35 35
../data/inhabited/0020.jpg	118	938 1060 6 6	915 992 35 35	968 995 35 35	977 1040 35 35	1137 1133 35 35	1159 1083 35 35	1011 872 35 35	1039 852 35 35	1075 835 35 35	1078 777 35 35	1049 900 35 35	1075 872 35 35	1108 869 35 35	1108 912 35 35	1088 950 35 35	1136 978 35 35	1158 943 35 35	1106 976 35 35	1240 998 35 35	1271 995 35 35	1252 947 35 35	1282 922 35 35	1302 940 35 35	1237 873 35 35	1249 1062 35 35	1290 1094 35 35	1305 1074 35 35	1347 1069 35 35	1336 1107 35 35	1371 1099 35 35	1380 1068 35 35	1433 1108 35 35	1329 1001 35 35	1382 1135 35 35	1665 1172 35 30	1713 1013 35 35	1705 985 35 35	1730 989 35 35	1756 978 35 35	1727 961 35 35	1708 894 35 35	1688 884 35 35	1756 1015 35 35	1767 1034 35 35	1795 1057 35 35	1590 886 35 35	1595 856 35 35	1612 838 35 35	1629 805 35 35	1621 779 35 35	1581 813 35 35	1504 861 35 35	1481 909 35 35	1456 909 35 35	1475 827 35 35	1466 774 35 35	1428 803 35 35	1368 835 35 35	1389 859 35 35	1172 670 35 35	1215 651 35 35	1167 595 35 35	1027 528 35 35	1025 457 35 35	993 446 35 35	957 436 35 35	988 304 35 35	1000 272 35 35	1182 178 35 35	1162 166 35 35	1142 142 35 35	1238 3 35 35	1515 310 35 35	1540 321 35 35	1525 282 36 35	1562 275 35 35	1562 233 35 35	1599 226 35 35	1593 268 35 35	1629 265 35 35	1621 289 35 35	1805 191 35 35	1817 155 35 35	1812 124 35 35	1847 116 35 35	1854 141 35 35	1873 163 35 35	1899 292 35 35	1932 321 35 35	1941 352 35 35	1965 346 30 35	1948 304 35 35	1969 278 30 35	1969 253 30 35	1831 86 35 35	1854 80 35 35	1836 60 35 35	1837 20 35 35	1892 74 35 35	1917 144 35 35	1913 108 35 35	1909 20 35 35	1725 590 35 35	1728 538 35 35	1699 516 35 35	1697 450 35 35	1711 429 35 35	1724 410 35 35	1777 519 35 35	1795 505 35 35	1825 486 35 35	1805 412 35 35	1836 426 35 35	1823 527 35 35	1847 527 35 35	1912 516 35 35	1240 485 35 35	1259 510 35 35
../data/inhabited/0023.jpg	26	588 31 35 35	652 34 35 35	668 80 35 35	683 107 35 35	773 71 35 35	839 57 35 35	851 146 37 35	324 402 35 35	371 334 35 35	430 275 35 35	366 206 35 35	126 335 35 35	123 298 35 35	27 774 35 35	1268 186 35 35	1018 570 35 35	1092 567 35 35	1142 583 35 35	1134 637 35 35	1112 681 35 35	1067 690 35 35	1032 1146 35 35	1270 1149 35 35	120 1122 35 35	1025 1149 35 35	990 645 35 35
../data/inhabited/0031.jpg	17	1553 672 35 35	1598 568 35 35	1612 538 35 35	1641 562 35 35	1777 535 35 35	1819 513 35 35	444 722 35 35	504 817 35 35	616 793 35 35	431 652 35 35	363 904 35 35	361 879 35 35	399 832 35 35	428 67 35 35	497 55 35 35	811 305 35 35	786 335 35 35
../data/inhabited/0013.jpg	13	1584 172 35 35	1669 161 35 35	1741 209 35 35	1759 254 42 45	1704 514 46 42	1693 461 35 35	1689 419 35 35	1638 402 35 35	1591 407 35 35	1619 463 35 35	1651 520 35 35	1613 522 35 35	1584 530 35 35
../data/inhabited/0009.jpg	19	168 754 35 35	293 601 35 35	284 528 35 35	445 782 35 35	372 789 35 35	518 962 35 35	568 828 35 35	641 802 35 35	783 872 35 35	937 1065 35 35	1042 912 35 35	181 807 35 35	1481 996 35 35	1736 1150 35 35	1749 1100 35 35	1770 1068 35 35	1817 959 35 35	1842 895 35 35	1711 957 35 35
../data/inhabited/0029.jpg	5	1369 1093 35 35	1301 1112 35 35	1428 559 35 35	1044 586 35 35	999 1067 35 35
../data/inhabited/0003.jpg	21	358 1165 35 30	293 1101 35 35	478 1048 35 35	1511 873 35 35	1549 697 35 35	1271 526 35 35	1853 440 35 35	1856 484 35 35	1809 504 35 35	1850 403 35 35	1699 311 35 35	1576 392 35 35	1604 331 35 35	738 303 35 35	719 101 35 35	787 66 35 35	820 56 35 35	884 274 35 35	364 260 35 35	358 310 35 35	990 803 35 35
../data/inhabited/0016.jpg	53	912 41 35 35	962 88 35 35	814 133 35 35	857 197 35 35	1014 183 35 35	1002 244 35 35	1384 150 7 6	1414 88 35 35	1428 149 35 35	1525 416 35 35	1521 472 35 35	1431 502 35 35	834 301 35 35	817 376 37 35	772 279 35 35	675 352 35 35	993 373 36 35	1097 429 35 36	990 489 35 35	879 558 35 35	773 589 35 35	882 637 35 35	770 691 35 35	697 606 35 35	661 480 35 35	719 480 35 35	699 747 35 35	766 779 35 35	859 751 35 35	927 763 35 35	1167 674 35 35	1147 761 35 35	1154 831 35 35	1147 880 36 35	1257 844 35 35	1282 895 35 35	1346 855 35 35	1425 937 35 35	1458 898 35 35	1462 855 35 35	1549 786 35 35	1599 911 35 35	814 838 35 35	682 866 35 35	619 856 35 35	736 982 35 35	1123 962 35 35	1355 1080 35 35	1452 1147 35 35	1587 1100 35 35	1595 1161 35 30	1517 1177 35 30	863 106 42 41
../data/inhabited/0019.jpg	26	1116 48 35 35	1148 63 35 35	1549 195 35 35	1577 167 35 35	1621 239 35 36	1577 281 35 35	1784 478 35 35	1868 443 35 35	1833 489 35 37	1831 424 35 35	1801 441 35 35	1396 648 35 35	1444 682 35 35	1366 707 35 35	1318 761 35 35	1520 775 35 35	1560 751 35 35	1554 793 35 35	1534 856 35 35	1497 884 35 35	1467 824 35 35	1573 898 35 35	1610 922 35 35	1581 945 35 35	1915 1086 35 35	532 69 35 35
../data/inhabited/0027.jpg	6	1103 22 35 35	1025 411 35 35	1679 697 35 35	42 1011 35 35	271 1139 35 35	172 232 35 35
../data/inhabited/0011.jpg	21	994 548 35 35	1027 429 35 35	1061 505 35 35	1106 444 35 35	1493 289 35 35	1503 223 35 35	1545 264 35 35	1563 219 35 35	1573 281 35 35	1568 348 35 35	1605 446 35 35	1677 368 35 35	1735 323 35 35	1854 338 35 35	1699 859 35 35	1764 873 35 35	1801 783 35 35	1797 747 35 35	1887 881 35 35	1540 1113 35 35	1424 926 35 35
../data/inhabited/0033.jpg	13	570 319 35 35	212 171 35 35	268 145 35 35	945 468 35 35	1036 593 35 35	1039 628 35 37	857 762 35 35	871 809 35 35	728 642 45 41	688 610 35 35	700 801 35 35	671 818 35 35	521 997 35 35
../data/inhabited/0021.jpg	72	66 0 35 32	83 24 35 35	102 51 35 35	106 27 35 35	108 0 35 35	75 51 35 35	53 31 35 35	42 49 35 35	69 80 35 35	14 48 35 35	0 45 28 35	33 91 35 35	36 146 35 35	39 167 35 35	67 172 35 35	89 188 35 35	32 195 35 35	32 212 35 35	13 219 36 35	0 184 33 35	18 293 35 35	46 303 35 35	204 231 35 35	218 253 35 35	245 309 35 35	262 149 35 35	259 194 35 35	424 83 35 35	414 15 35 35	553 138 35 35	546 96 35 35	1039 0 35 35	1070 160 35 35	1092 222 35 35	1218 293 35 35	1259 351 35 35	1270 377 35 35	1094 538 35 35	1036 525 35 35	1184 114 35 35	1201 97 35 37	1338 15 37 35	1388 9 35 35	1358 48 35 35	1658 49 35 35	1696 43 35 35	1873 66 35 35	1882 26 35 35	1906 88 35 37	1539 250 35 35	1573 281 35 35	717 794 11 6	587 807 35 35	685 855 35 35	377 681 35 35	386 649 35 35	374 623 35 35	304 629 35 35	310 525 35 35	480 561 35 35	518 502 35 35	674 514 35 35	672 463 35 35	654 553 35 35	27 533 35 35	293 323 35 35	1647 1069 35 35	1686 1083 35 35	1833 763 35 35	1875 802 35 35	1917 765 35 35	1803 564 35 35
../data/inhabited/0012.jpg	21	554 128 35 35	614 548 8 6	665 611 35 35	582 639 35 35	697 659 35 35	803 677 35 35	809 740 35 35	700 719 35 35	632 752 35 35	682 800 35 35	730 780 35 35	752 744 35 35	797 799 35 35	744 822 35 35	677 841 35 35	648 887 40 44	723 918 52 53	768 952 57 50	788 890 40 39	835 952 41 44	1971 237 30 35
../data/inhabited/0014.jpg	2	1124 699 54 50	1053 775 35 35
../data/inhabited/0015.jpg	18	747 640 35 35	837 657 35 35	833 506 35 35	784 474 35 35	926 508 35 35	932 427 35 35	1002 514 35 35	1276 648 35 35	1324 475 35 35	1383 527 35 35	1288 523 40 41	1466 483 35 35	1022 880 35 35	971 887 35 35	911 913 50 40	805 891 35 35	817 849 35 35	1212 772 35 35
../data/inhabited/0004.jpg	2	500 894 35 35	518 996 35 35
../data/inhabited/0008.jpg	21	1196 174 35 35	1280 218 35 35	1304 218 35 35	1349 223 35 35	1232 282 35 35	1335 269 35 35	1408 303 35 35	1668 303 35 35	1641 521 35 35	983 723 35 35	1092 793 35 35	1246 781 35 35	1224 818 35 35	1044 907 35 35	1081 899 35 35	980 880 35 35	957 845 35 35	949 904 35 35	1088 1089 35 35	1234 1045 35 35	1358 1008 35 35
../data/inhabited/0030.jpg	4	1413 193 35 35	1483 134 35 35	1523 139 35 35	507 210 35 35
../data/inhabited/0006.jpg	23	217 549 35 35	158 529 35 35	521 1038 35 35	484 938 35 35	489 1003 35 35	1050 381 35 35	1399 359 35 35	1397 321 35 35	1428 17 35 35	1680 762 35 35	1890 882 35 35	1910 859 35 35	1926 894 35 35	1783 719 35 35	1867 742 35 35	1803 537 35 35	1859 546 35 35	1906 566 35 35	1884 493 35 35	1923 431 35 35	1948 498 35 35	1945 541 35 35	1927 599 35 35
../data/inhabited/0010.jpg	9	1055 273 35 35	848 273 35 35	854 329 35 35	518 329 35 35	615 317 35 35	689 298 35 35	316 354 35 35	1640 623 35 35	1582 704 35 35
../data/inhabited/0005.jpg	33	425 226 35 35	438 279 35 35	472 285 35 35	480 263 35 35	703 321 35 35	787 367 35 35	775 510 35 35	786 465 35 35	843 468 35 35	885 627 35 35	1049 622 35 35	1056 573 35 35	1089 377 35 35	1130 428 35 35	1074 588 35 35	1186 702 35 35	1270 597 35 35	1072 784 35 35	1215 905 35 35	1260 989 35 35	1318 952 35 35	1389 1052 35 35	1389 731 35 35	1458 737 35 35	1456 552 35 35	1517 562 35 35	1504 470 35 35	1441 405 35 35	1640 605 35 35	1609 531 35 35	1672 837 35 35	1707 863 36 35	1647 739 35 35
../data/inhabited/0024.jpg	8	425 440 35 35	480 427 35 35	480 485 35 35	1240 898 35 35	1285 914 35 36	1286 983 33 38	1382 730 35 35	1450 752 35 35
../data/inhabited/0025.jpg	3	1065 255 33 33	1112 237 31 25	1021 282 35 35
../data/inhabited/0022.jpg	40	480 18 35 35	481 66 37 47	576 247 35 35	1030 354 35 35	1060 384 35 35	945 545 35 35	842 761 35 35	817 737 35 35	817 702 35 35	854 674 35 35	876 746 35 35	957 761 35 35	983 737 35 35	1021 732 35 35	1142 839 35 35	1153 864 35 35	1173 844 35 35	1228 855 35 35	1235 881 35 35	1251 905 35 35	1074 968 35 35	1077 1063 35 35	1791 919 35 35	1784 892 35 35	1789 821 35 35	1836 794 35 35	1834 769 35 35	1836 729 35 35	1800 765 35 35	1794 691 35 35	1795 668 35 35	1529 601 35 35	1604 541 35 35	1952 505 35 35	1543 219 35 35	1618 183 35 35	1517 265 35 35	1186 242 35 35	1372 225 35 35	1637 6 35 35
../data/inhabited/0002.jpg	7	1438 496 35 35	1462 489 35 35	1725 775 35 35	1705 436 35 35	1707 347 35 35	1598 431 35 35	1910 712 35 35
