../../data/training/a1223233011110330120.jpg	2	96 242 28 14	4 238 23 18
../../data/training/0006.jpg	3	1024 583 87 53	1868 936 39 30	1086 473 45 25
../../data/training/a1223233011110330101.jpg	1	74 242 50 14
../../data/training/a1223233322101221100.jpg	2	143 1 35 15	100 1 35 27
../../data/training/a1223233011110330210.jpg	2	128 86 88 52	127 56 81 49
../../data/training/a1223233011110330303.jpg	1	14 1 108 40
../../data/training/0027.jpg	8	61 244 81 59	1448 115 167 87	1377 445 45 34	1408 591 84 64	1753 872 62 44	1403 1064 89 53	1073 851 61 45	1720 527 52 38
../../data/training/0003.jpg	2	1038 179 85 48	846 1067 75 53
../../data/training/a1223233011110330003.jpg	2	126 210 56 27	42 214 68 42
../../data/training/a1223233011110312301.jpg	4	41 221 43 26	2 87 35 22	119 1 60 35	95 222 160 34
../../data/training/a1223233011110312310.jpg	2	21 148 58 34	11 64 39 18
../../data/training/a1223233011110321110.jpg	2	147 29 39 25	238 242 17 12
../../data/training/a1223233011110330032.jpg	4	116 99 39 29	127 142 87 40	166 121 47 20	17 122 69 27
../../data/training/a1223233011110312230.jpg	2	178 179 23 16	212 78 34 25
../../data/training/a1223233011110330113.jpg	1	156 112 71 41
../../data/training/a1223233011110330213.jpg	6	197 1 59 47	95 1 64 46	144 84 62 47	96 181 139 70	120 220 108 36	1 229 49 27
../../data/training/0017.jpg	2	741 321 107 51	1406 960 48 27
../../data/training/a3001010122303012030.jpg	1	80 1 36 26
../../data/training/a3001010122303002121.jpg	1	147 140 33 22
../../data/training/a1223322022320013210.jpg	1	192 233 31 23
../../data/training/a1223233011110303033.jpg	2	125 76 131 95	52 205 95 51
../../data/training/a1223233011110313231.jpg	2	182 46 74 42	196 1 60 41
../../data/training/a1223233011110330102.jpg	1	25 229 47 26
../../data/training/a1223233322101203323.jpg	3	180 107 32 17	138 125 94 62	152 181 96 63
../../data/training/a1223233011110312210.jpg	1	95 194 45 29
../../data/training/a1223233011110312213.jpg	3	68 179 41 31	47 5 24 19	5 1 45 23
../../data/training/a1223233011110331000.jpg	7	72 1 104 51	11 1 48 32	65 191 35 23	106 141 138 43	112 106 60 26	196 14 53 38	127 237 81 19
../../data/training/0033.jpg	2	565 243 79 57	1209 899 45 34
../../data/training/a1223233011110331200.jpg	1	102 48 60 40
../../data/training/a1223233011110312201.jpg	3	1 1 44 32	166 236 56 20	136 1 41 26
../../data/training/a1223322022320012111.jpg	1	134 1 62 37
../../data/training/a1223233011110330123.jpg	2	67 30 32 25	174 4 76 36
../../data/training/a3001010122303012200.jpg	2	102 185 23 15	218 244 38 12
../../data/training/a1223233011110303320.jpg	2	106 142 53 34	54 143 36 28
../../data/training/a1223233322101203102.jpg	4	120 2 59 30	1 209 38 26	23 242 24 13	85 244 23 12
../../data/training/a1223233011110330020.jpg	8	103 108 68 43	1 119 94 51	66 214 12 9	118 204 35 14	128 220 20 14	214 220 31 15	211 201 24 18	94 42 21 16
../../data/training/a1223233011110331022.jpg	1	138 1 38 17
../../data/training/0022.jpg	2	1115 1055 38 27	1881 809 73 41
../../data/training/a1223233011110312030.jpg	1	152 244 20 12
../../data/training/a1223233322101203313.jpg	1	80 18 28 18
../../data/training/a3001010122303012031.jpg	1	36 1 30 16
../../data/training/a1223233011110312220.jpg	7	146 84 38 25	17 24 46 28	42 115 32 22	140 188 44 28	195 162 36 23	23 176 40 24	4 226 58 25
../../data/training/a1223233011110312302.jpg	4	107 77 63 48	148 167 65 49	122 146 54 37	1 138 50 28
../../data/training/a1223233011110312303.jpg	1	194 60 51 31
../../data/training/a1223233011110312023.jpg	3	92 135 44 30	214 91 41 31	133 244 40 12
../../data/training/a1223322022320012110.jpg	1	33 117 82 59
../../data/training/a1223322022320013202.jpg	1	148 39 28 22
../../data/training/a1223233322101203103.jpg	3	76 4 56 28	132 18 124 87	128 88 128 49
../../data/training/a1223322022320030110.jpg	1	200 75 56 42
../../data/training/a1223233011110303333.jpg	12	18 31 33 25	165 60 45 21	108 89 36 22	138 109 16 10	126 121 31 18	191 176 55 19	192 193 55 19	200 219 50 22	197 244 28 12	223 68 33 26	200 127 25 18	131 248 25 8
../../data/training/a1223233011110312033.jpg	1	23 223 42 33
../../data/training/a1223233011110321312.jpg	1	21 169 42 25
../../data/training/0020.jpg	3	1660 1054 107 77	1781 1099 90 68	1778 119 45 28
../../data/training/a1223233011110330111.jpg	4	114 15 51 21	73 34 33 14	215 198 41 30	106 183 44 29
../../data/training/a3001010122303003301.jpg	1	220 14 32 24
../../data/training/a1223233011110313022.jpg	1	158 1 98 38
../../data/training/a1223233011110330001.jpg	3	1 179 65 42	91 85 83 31	74 150 21 16
../../data/training/a1223322022320031001.jpg	1	63 144 115 84
../../data/training/a1223233322101203333.jpg	1	1 190 84 66
../../data/training/0032.jpg	11	647 701 70 41	501 712 70 42	395 793 63 37	174 658 67 43	128 942 81 46	518 292 84 33	538 196 58 39	517 132 46 30	467 39 60 39	167 1169 51 28	3 1089 52 37
../../data/training/0031.jpg	16	56 271 59 28	685 95 84 48	700 61 47 29	464 1096 48 33	569 1155 70 38	428 1159 47 28	909 1025 60 45	1535 826 76 54	1618 798 63 28	1854 754 69 47	1756 505 62 35	1868 498 58 32	1630 482 58 31	1627 437 56 40	1786 266 54 43	1784 190 56 32
../../data/training/a1223233011110321102.jpg	1	10 214 91 42
../../data/training/a1223233011110331012.jpg	1	201 1 55 42
../../data/training/a1223233011110312202.jpg	4	213 200 43 21	25 94 60 39	27 72 25 19	50 70 32 18
../../data/training/0019.jpg	1	122 834 116 66
../../data/training/a1223233011110312330.jpg	1	18 12 28 21
../../data/training/a1223233011110312203.jpg	2	165 1 55 16	187 109 69 31
../../data/training/a1223233011110303312.jpg	2	186 41 62 26	1 112 90 44
../../data/training/a1223233011110312022.jpg	1	4 108 32 22
../../data/training/a1223322022320031010.jpg	1	142 44 23 18
../../data/training/0034.jpg	7	1266 656 55 38	1336 260 56 40	1279 485 67 41	1136 708 49 20	1812 1149 55 34	803 423 39 28	1652 638 56 28
../../data/training/a1223322022320013002.jpg	1	68 100 29 23
../../data/training/0021.jpg	3	372 424 109 73	59 218 83 30	14 439 97 64
../../data/training/a1223233011110330211.jpg	1	187 204 69 52
../../data/training/a1223233011110330200.jpg	3	170 131 48 36	169 2 59 37	193 215 29 20
../../data/training/a1223233322101203122.jpg	2	162 201 93 32	208 1 48 15
../../data/training/a1223233011110331023.jpg	4	106 90 36 23	146 82 33 19	189 131 67 45	174 40 82 43
../../data/training/a1223233011110312223.jpg	3	106 168 36 23	60 201 47 26	85 242 38 14
../../data/training/a1223233011110312331.jpg	1	81 194 19 15
../../data/training/a1223233011110312212.jpg	1	158 248 15 8
../../data/training/a1223233322101203311.jpg	1	199 132 23 16
../../data/training/a1223233011110330000.jpg	1	119 176 34 23
../../data/training/a1223233011110313221.jpg	1	195 109 61 46
../../data/training/a1223233011110330033.jpg	2	176 48 80 51	138 72 37 24
../../data/training/a1223233322101212020.jpg	1	26 217 28 21
../../data/training/a1223233322101203123.jpg	3	1 1 81 18	119 1 129 61	19 101 132 77
../../data/training/a1223233011110312300.jpg	1	165 187 27 17
../../data/training/0002.jpg	3	1719 893 62 39	1795 865 81 49	1535 509 52 38
