../../data/training/a1223233011110330120.jpg	1	55 1 28 41
../../data/training/a1223233322101203322.jpg	7	66 130 48 68	46 56 47 69	41 1 37 50	1 62 75 143	1 76 41 139	83 56 96 200	79 1 42 58
../../data/training/a1223233011110330101.jpg	1	72 16 35 53
../../data/training/a1223233322101221100.jpg	3	7 65 79 191	73 49 88 207	150 26 98 230
../../data/training/a1223233011110330210.jpg	1	234 1 22 67
../../data/training/0027.jpg	6	755 36 56 82	607 729 57 91	1041 299 34 46	1392 339 75 101	1416 530 48 69	1923 519 49 77
../../data/training/a1223233011110330003.jpg	2	1 154 37 83	245 41 11 51
../../data/training/a1223233011110312301.jpg	2	1 106 102 150	111 146 39 69
../../data/training/a1223233011110312310.jpg	4	4 1 34 63	94 222 16 23	125 185 13 24	141 153 22 37
../../data/training/a1223233011110313032.jpg	2	168 1 88 143	191 4 65 167
../../data/training/a1223322022320013032.jpg	1	223 38 33 51
../../data/training/a1223233011110330032.jpg	2	13 47 30 49	228 190 28 42
../../data/training/a1223233011110313033.jpg	1	1 30 23 59
../../data/training/a1223233011110312230.jpg	1	206 116 21 29
../../data/training/a1223233011110330113.jpg	4	1 137 24 83	1 114 14 23	1 30 9 86	151 186 41 70
../../data/training/a1223233011110303310.jpg	2	177 88 37 58	131 91 20 50
../../data/training/a1223233011110330213.jpg	1	211 28 45 74
../../data/training/0017.jpg	2	1458 558 43 88	1461 646 48 115
../../data/training/a3001010122303012030.jpg	1	1 150 16 30
../../data/training/a1223322022320013210.jpg	1	248 161 8 20
../../data/training/a1223233011110330103.jpg	3	100 17 25 80	113 98 15 49	66 112 33 58
../../data/training/a1223233011110313231.jpg	1	154 1 42 107
../../data/training/a1223233011110330102.jpg	4	193 128 31 54	183 62 32 43	64 90 51 125	60 24 31 66
../../data/training/a1223233011110312210.jpg	2	54 75 23 36	181 101 37 52
../../data/training/a1223233011110312213.jpg	2	225 135 13 25	252 135 4 24
../../data/training/a3001010122303003311.jpg	3	45 147 23 31	230 57 26 41	109 217 29 39
../../data/training/a1223233011110331000.jpg	5	19 30 68 147	6 177 33 47	1 140 19 37	16 148 19 31	236 110 20 34
../../data/training/0033.jpg	2	815 280 36 57	1136 885 37 57
../../data/training/a1223233011110330132.jpg	1	189 207 22 31
../../data/training/a1223233011110312201.jpg	2	46 33 27 66	1 169 17 27
../../data/training/a1223233011110313023.jpg	1	1 44 48 71
../../data/training/a1223322022320013021.jpg	1	207 174 49 68
../../data/training/a1223233011110330123.jpg	2	88 134 40 65	48 138 37 64
../../data/training/a1223233011110330020.jpg	10	39 216 12 24	52 223 11 23	84 220 12 18	117 166 18 27	197 144 34 56	194 198 14 21	246 218 10 15	233 68 23 75	202 36 21 36	168 72 23 36
../../data/training/a1223233011110331022.jpg	2	129 22 18 33	98 7 36 56
../../data/training/a1223233322101203313.jpg	2	207 122 34 62	112 4 25 34
../../data/training/a1223233011110312220.jpg	1	1 44 16 23
../../data/training/a1223233011110312302.jpg	1	217 71 39 58
../../data/training/a1223233011110312303.jpg	1	104 123 37 51
../../data/training/a1223233011110312023.jpg	2	195 64 26 41	182 85 14 19
../../data/training/a1223322022320013202.jpg	1	240 37 16 57
../../data/training/a1223322022320030110.jpg	1	155 93 42 99
../../data/training/a1223233011110303333.jpg	4	1 171 17 45	156 174 44 68	233 123 23 48	183 132 19 34
../../data/training/0020.jpg	9	1472 680 63 108	1543 729 47 65	1871 1041 62 89	1456 183 76 113	1181 108 32 53	1755 441 66 92	1901 537 99 143	1965 632 35 89	1874 242 45 65
../../data/training/a1223233011110330111.jpg	6	202 1 54 121	236 0 40 121	90 58 42 75	128 51 29 67	40 139 20 28	44 180 18 25
../../data/training/a1223233011110313022.jpg	4	1 152 23 83	219 124 37 54	177 23 63 94	227 57 29 55
../../data/training/a1223233011110330001.jpg	4	83 1 36 70	65 1 19 34	1 105 31 65	242 155 14 25
../../data/training/a1223322022320031001.jpg	2	140 71 69 98	224 172 32 47
../../data/training/a1223233322101212210.jpg	2	55 148 21 41	51 194 30 42
../../data/training/a1223233011110330201.jpg	3	207 120 17 25	241 71 14 26	43 22 24 39
../../data/training/0032.jpg	1	646 165 39 60
../../data/training/a1223233011110313223.jpg	2	131 149 33 62	1 71 24 124
../../data/training/0031.jpg	4	72 432 36 55	854 966 33 45	41 840 28 42	1283 1090 45 65
../../data/training/a1223233011110331012.jpg	1	1 98 34 108
../../data/training/a1223233011110312202.jpg	5	115 140 21 39	15 161 34 79	9 224 12 20	26 53 12 19	206 48 34 63
../../data/training/0019.jpg	1	1941 764 58 139
../../data/training/a1223233011110312203.jpg	3	1 29 38 87	8 201 40 55	137 38 19 52
../../data/training/a1223233011110303312.jpg	2	188 85 41 61	86 193 33 63
../../data/training/a1223233011110312022.jpg	4	11 191 26 54	1 209 15 44	1 188 11 22	122 145 22 37
../../data/training/a1223322022320031010.jpg	1	4 59 37 55
../../data/training/0021.jpg	5	199 624 49 94	126 578 84 160	262 231 51 79	226 166 50 82	1 586 38 79
../../data/training/a3001010122303003203.jpg	1	111 45 29 41
../../data/training/a1223233011110330200.jpg	4	151 136 20 28	154 160 19 33	245 165 11 32	185 56 18 73
../../data/training/a1223233322101203122.jpg	1	199 46 57 130
../../data/training/a1223233011110312223.jpg	2	223 113 33 52	126 129 23 40
../../data/training/a1223233011110312331.jpg	2	152 126 23 76	1 37 14 48
../../data/training/a1223233011110312212.jpg	2	175 177 24 52	235 111 21 29
../../data/training/a1223233011110331013.jpg	1	1 1 48 90
../../data/training/a1223233322101203311.jpg	2	191 54 37 69	238 83 18 44
../../data/training/a1223233011110330000.jpg	1	98 220 20 35
../../data/training/a1223233011110321120.jpg	1	1 207 18 27
../../data/training/a1223233322101212020.jpg	1	11 1 60 107
../../data/training/a1223233322101203123.jpg	1	1 52 12 112
../../data/training/a1223233011110303122.jpg	1	133 82 22 39
../../data/training/a1223233011110312300.jpg	1	115 123 22 36
../../data/training/a1223322022320013033.jpg	1	1 45 17 53
