../../data/training/a3001010122303002120.jpg	4	40 20 44 42	222 59 31 32	181 95 38 40	236 18 19 18
../../data/training/a1223233003000313130.jpg	0	
../../data/training/a1223233011110330120.jpg	3	55 1 28 41	96 242 28 14	4 238 23 18
../../data/training/0006.jpg	8	1024 583 87 53	1868 936 39 30	1835 900 41 46	1901 815 43 47	1820 728 42 40	1818 365 27 25	532 950 33 31	1086 473 45 25
../../data/training/a1223233011110313220.jpg	0	
../../data/training/0009.jpg	3	258 453 28 25	195 436 29 27	154 430 24 25
../../data/training/a1223233322101213303.jpg	0	
../../data/training/a1223320200212001003.jpg	0	
../../data/training/a1223233003000313011.jpg	0	
../../data/training/a1223320200203111112.jpg	0	
../../data/training/a1223233322101230001.jpg	0	
../../data/training/a1223233322101203322.jpg	11	66 130 48 68	46 56 47 69	41 1 37 50	11 7 40 50	1 62 75 143	1 76 41 139	11 219 40 37	45 210 46 46	81 200 44 55	83 56 96 200	79 1 42 58
../../data/training/a1223233322101212201.jpg	0	
../../data/training/a1223233322101212221.jpg	0	
../../data/training/a3001010122303012123.jpg	0	
../../data/training/a1223233011110330101.jpg	2	74 242 50 14	72 16 35 53
../../data/training/a1223233003000313123.jpg	0	
../../data/training/a1223233322101230121.jpg	0	
../../data/training/a1223233322101221100.jpg	7	143 1 35 15	100 1 35 27	56 1 39 34	20 1 44 37	7 65 79 191	73 49 88 207	150 26 98 230
../../data/training/a1223233011110330210.jpg	6	128 86 88 52	127 56 81 49	101 68 23 29	205 73 51 43	126 173 82 70	234 1 22 67
../../data/training/a1223233322101213301.jpg	0	
../../data/training/a1223320200210223221.jpg	0	
../../data/training/a1223233322101231130.jpg	0	
../../data/training/a1223233322101213332.jpg	0	
../../data/training/a1223233011110330303.jpg	1	14 1 108 40
../../data/training/a1223233322101230111.jpg	0	
../../data/training/a1223233003001202313.jpg	0	
../../data/training/a3001010122303003122.jpg	0	
../../data/training/0027.jpg	27	755 36 56 82	81 182 62 53	61 244 81 59	36 205 40 45	607 729 57 91	700 746 56 72	952 280 44 57	1041 299 34 46	1448 115 167 87	1377 445 45 34	1392 339 75 101	1322 762 76 73	1416 530 48 69	1408 591 84 64	1923 519 49 77	1907 331 78 78	1831 218 48 53	1381 953 67 63	1753 872 62 44	1403 1064 89 53	1299 1089 43 51	1140 886 75 60	1209 793 76 69	1073 851 61 45	1680 586 47 53	1720 527 52 38	1723 984 47 52
../../data/training/a1223233322101213032.jpg	0	
../../data/training/a1223320200212000031.jpg	0	
../../data/training/0003.jpg	9	652 319 65 56	1038 179 85 48	1108 292 62 55	1213 302 84 71	1658 375 84 96	846 1067 75 53	795 874 37 39	868 414 39 32	1224 64 31 40
../../data/training/a1223233011110330003.jpg	5	126 210 56 27	42 214 68 42	1 154 37 83	133 36 16 17	245 41 11 51
../../data/training/a1223233322101230103.jpg	0	
../../data/training/a1223233011110312301.jpg	9	29 147 72 65	41 221 43 26	1 106 102 150	2 87 35 22	119 1 60 35	150 29 36 35	229 14 21 28	111 146 39 69	95 222 160 34
../../data/training/a1223233011110312310.jpg	7	21 148 58 34	11 64 39 18	4 1 34 63	167 1 25 28	94 222 16 23	125 185 13 24	141 153 22 37
../../data/training/a1223320200212000112.jpg	0	
../../data/training/a1223233322101230113.jpg	0	
../../data/training/a1223322022320013233.jpg	0	
../../data/training/a1223233011110313032.jpg	3	146 1 110 122	168 1 88 143	191 4 65 167
../../data/training/a3001010122303003033.jpg	0	
../../data/training/0005.jpg	0	
../../data/training/a1223320200210222212.jpg	0	
../../data/training/a1223322022320013032.jpg	1	223 38 33 51
../../data/training/a3001010122303002132.jpg	0	
../../data/training/a1223233003001202312.jpg	0	
../../data/training/a1223233322101221101.jpg	0	
../../data/training/a1223233011110321110.jpg	3	147 29 39 25	224 177 29 28	238 242 17 12
../../data/training/a1223233011110312031.jpg	0	
../../data/training/a1223233322101212310.jpg	0	
../../data/training/a1223233011110330032.jpg	10	113 74 34 28	116 99 39 29	127 142 87 40	166 121 47 20	155 73 38 46	61 46 38 44	13 47 30 49	32 40 24 23	17 122 69 27	228 190 28 42
../../data/training/a1223233322101231100.jpg	0	
../../data/training/a1223233011110313033.jpg	2	1 71 29 30	1 30 23 59
../../data/training/a1223233011110312230.jpg	11	228 129 23 26	203 154 27 27	178 179 23 16	88 72 45 36	162 75 25 30	168 39 17 20	212 78 34 25	209 96 16 18	206 116 21 29	28 186 21 26	58 228 27 22
../../data/training/a1223233003001203022.jpg	0	
../../data/training/a1223233003000313302.jpg	0	
../../data/training/a1223233003000313110.jpg	0	
../../data/training/a1223233011110330113.jpg	9	156 112 71 41	203 92 21 23	181 1 21 18	149 1 37 33	1 137 24 83	1 114 14 23	1 30 9 86	151 186 41 70	181 186 75 70
../../data/training/a1223233322101231001.jpg	0	
../../data/training/a1223233322101230010.jpg	0	
../../data/training/a3001010122303012033.jpg	0	
../../data/training/a1223233003001202201.jpg	0	
../../data/training/a1223233011110312311.jpg	0	
../../data/training/a1223233011110303310.jpg	2	177 88 37 58	131 91 20 50
../../data/training/a1223233011110330213.jpg	9	211 28 45 74	197 1 59 47	95 1 64 46	1 13 63 80	77 102 44 45	144 84 62 47	96 181 139 70	120 220 108 36	1 229 49 27
../../data/training/0017.jpg	4	741 321 107 51	1458 558 43 88	1461 646 48 115	1406 960 48 27
../../data/training/a1223233322101213322.jpg	0	
../../data/training/a3001010122303012030.jpg	4	111 31 29 27	80 1 36 26	66 41 43 41	1 150 16 30
../../data/training/a3001010122303002121.jpg	1	147 140 33 22
../../data/training/a1223233003001202011.jpg	0	
../../data/training/a1223322022320013232.jpg	0	
../../data/training/a1223233322101231312.jpg	0	
../../data/training/a1223322022320013210.jpg	3	192 233 31 23	248 161 8 20	93 5 37 46
../../data/training/a1223233322101213123.jpg	0	
../../data/training/a1223322022320012333.jpg	0	
../../data/training/a1223233322101230112.jpg	0	
../../data/training/a1223233322101231020.jpg	0	
../../data/training/a1223233322101213102.jpg	0	
../../data/training/a1223233011110330103.jpg	4	214 162 34 40	100 17 25 80	113 98 15 49	66 112 33 58
../../data/training/a1223233011110303033.jpg	2	125 76 131 95	52 205 95 51
../../data/training/a1223233011110313231.jpg	3	154 1 42 107	182 46 74 42	196 1 60 41
../../data/training/a1223233011110330102.jpg	7	193 128 31 54	183 62 32 43	177 13 29 32	108 172 31 31	64 90 51 125	60 24 31 66	25 229 47 26
../../data/training/a1223233322101203323.jpg	3	180 107 32 17	138 125 94 62	152 181 96 63
../../data/training/a1223233003001203210.jpg	0	
../../data/training/a1223233322101213300.jpg	0	
../../data/training/a1223233003000313312.jpg	0	
../../data/training/a1223233322101213223.jpg	0	
../../data/training/a1223233322101231110.jpg	0	
../../data/training/a1223233011110312210.jpg	6	54 75 23 36	181 101 37 52	163 109 21 23	94 177 22 20	95 194 45 29	215 178 35 42
../../data/training/a1223233003001203023.jpg	0	
../../data/training/a1223320200201333303.jpg	0	
../../data/training/a1223233011110312213.jpg	6	225 135 13 25	252 135 4 24	68 179 41 31	1 110 33 29	47 5 24 19	5 1 45 23
../../data/training/a1223233011110331213.jpg	0	
../../data/training/a3001010122303003311.jpg	3	45 147 23 31	230 57 26 41	109 217 29 39
../../data/training/a1223233322101212002.jpg	0	
../../data/training/a1223233011110331000.jpg	13	72 1 104 51	11 1 48 32	19 30 68 147	39 173 26 29	65 191 35 23	6 177 33 47	1 140 19 37	16 148 19 31	106 141 138 43	112 106 60 26	196 14 53 38	236 110 20 34	127 237 81 19
../../data/training/a1223233322101231000.jpg	0	
../../data/training/a1223233322101212330.jpg	0	
../../data/training/a3001010122303012120.jpg	0	
../../data/training/0033.jpg	17	168 44 39 43	249 68 39 36	280 11 39 48	207 107 47 45	255 208 47 55	475 117 35 42	582 53 39 33	405 93 37 34	565 243 79 57	815 280 36 57	1472 162 46 45	1150 383 45 42	137 908 58 47	1779 1009 72 72	1136 885 37 57	1209 899 45 34	417 575 37 31
../../data/training/a1223233011110330132.jpg	2	210 175 46 56	189 207 22 31
../../data/training/a1223233003000313212.jpg	0	
../../data/training/a1223233011110321100.jpg	0	
../../data/training/a1223233011110331200.jpg	1	102 48 60 40
../../data/training/a1223233322101212231.jpg	0	
../../data/training/a1223233322101213020.jpg	0	
../../data/training/a1223320200210223201.jpg	0	
../../data/training/a1223233011110312201.jpg	6	124 87 28 29	46 33 27 66	1 1 44 32	1 169 17 27	166 236 56 20	136 1 41 26
../../data/training/a1223233003001202310.jpg	0	
../../data/training/a1223233011110313023.jpg	2	1 103 60 78	1 44 48 71
../../data/training/a1223320200210222202.jpg	0	
../../data/training/a1223233003001202113.jpg	0	
../../data/training/a1223233003001203001.jpg	0	
../../data/training/a3001010122303003132.jpg	0	
../../data/training/a1223233322101231101.jpg	0	
../../data/training/a1223322022320013021.jpg	6	65 34 36 38	116 59 34 40	169 88 36 43	77 158 55 61	207 174 49 68	5 140 69 60
../../data/training/a1223233003001203301.jpg	0	
../../data/training/a1223233322101231033.jpg	0	
../../data/training/a1223322022320012111.jpg	1	134 1 62 37
../../data/training/a1223233011110330123.jpg	5	88 134 40 65	48 138 37 64	67 30 32 25	174 4 76 36	196 53 40 38
../../data/training/a3001010122303012200.jpg	4	163 177 30 27	111 156 27 26	102 185 23 15	218 244 38 12
../../data/training/a1223322022320013000.jpg	0	
../../data/training/a1223233011110303320.jpg	2	106 142 53 34	54 143 36 28
../../data/training/a1223233003001202200.jpg	0	
../../data/training/a3001010122303003030.jpg	0	
../../data/training/a1223233322101203102.jpg	12	145 132 32 32	161 165 11 13	63 49 43 37	120 2 59 30	112 83 33 33	1 85 109 115	3 12 40 32	33 51 31 36	187 88 22 20	1 209 38 26	23 242 24 13	85 244 23 12
../../data/training/a1223233322101213003.jpg	0	
../../data/training/a1223320200203111121.jpg	0	
../../data/training/a1223233322101231123.jpg	0	
../../data/training/a1223233011110330020.jpg	21	103 108 68 43	1 119 94 51	39 216 12 24	52 223 11 23	65 224 14 14	84 220 12 18	66 214 12 9	117 166 18 27	118 204 35 14	128 220 20 14	197 144 34 56	194 198 14 21	196 219 15 19	214 220 31 15	211 201 24 18	246 218 10 15	233 68 23 75	202 36 21 36	160 30 23 27	168 72 23 36	94 42 21 16
../../data/training/a1223233322101231203.jpg	0	
../../data/training/a1223233322101213033.jpg	0	
../../data/training/a1223233011110312133.jpg	0	
../../data/training/a1223233322101231212.jpg	0	
../../data/training/a3001010122303003022.jpg	0	
../../data/training/a1223233011110303120.jpg	0	
../../data/training/a3001010122303012213.jpg	0	
../../data/training/a1223320200212000121.jpg	0	
../../data/training/a1223233003001202122.jpg	0	
../../data/training/a1223233322101213012.jpg	0	
../../data/training/a1223233003000313120.jpg	0	
../../data/training/a1223322022320012332.jpg	2	1 205 40 36	1 243 13 13
../../data/training/a1223320200210223232.jpg	0	
../../data/training/a1223233322101230021.jpg	0	
../../data/training/a1223233322101213021.jpg	0	
../../data/training/a1223320200210223200.jpg	0	
../../data/training/a1223233003001203033.jpg	0	
../../data/training/a1223233003001202311.jpg	0	
../../data/training/a1223233003001202013.jpg	0	
../../data/training/a1223320200201333312.jpg	0	
../../data/training/a3001010122303003121.jpg	0	
../../data/training/a1223233011110331022.jpg	7	187 24 69 64	150 9 47 41	138 1 38 17	129 22 18 33	98 7 36 56	32 1 162 137	108 149 31 33
../../data/training/0022.jpg	10	433 355 63 69	846 791 42 37	941 1032 78 102	1022 1069 56 65	1115 1055 38 27	1218 928 40 48	1321 817 73 59	1899 343 84 81	1881 809 73 41	1594 71 55 49
../../data/training/a1223233322101230202.jpg	0	
../../data/training/a1223233322101212021.jpg	1	84 73 34 44
../../data/training/a1223233011110312030.jpg	1	152 244 20 12
../../data/training/a1223233322101230023.jpg	0	
../../data/training/a1223233003001202010.jpg	0	
../../data/training/a1223233322101203313.jpg	4	207 122 34 62	112 4 25 34	80 18 28 18	164 28 16 20
../../data/training/a1223233011110331202.jpg	0	
../../data/training/a1223233003001203021.jpg	0	
../../data/training/a1223233003000313031.jpg	0	
../../data/training/a1223320200210222232.jpg	0	
../../data/training/a1223320200210222300.jpg	0	
../../data/training/a1223233322101203302.jpg	0	
../../data/training/a1223322022320012310.jpg	0	
../../data/training/a1223233322101212202.jpg	0	
../../data/training/a1223320200201333333.jpg	0	
../../data/training/a1223320200212000111.jpg	0	
../../data/training/a3001010122303012202.jpg	0	
../../data/training/a1223233322101230211.jpg	0	
../../data/training/a3001010122303012031.jpg	1	36 1 30 16
../../data/training/a1223233322101231010.jpg	0	
../../data/training/a1223233322101212322.jpg	0	
../../data/training/a1223320200203111110.jpg	0	
../../data/training/a1223233011110312220.jpg	10	146 84 38 25	17 24 46 28	1 44 16 23	42 115 32 22	140 188 44 28	195 162 36 23	220 142 29 25	23 176 40 24	54 209 20 21	4 226 58 25
../../data/training/a1223233011110312302.jpg	5	107 77 63 48	217 71 39 58	148 167 65 49	122 146 54 37	1 138 50 28
../../data/training/a3001010122303003131.jpg	0	
../../data/training/a1223233011110321133.jpg	1	81 113 28 32
../../data/training/a3001010122303003130.jpg	0	
../../data/training/a1223233322101212013.jpg	0	
../../data/training/a1223320200210222033.jpg	0	
../../data/training/a1223233011110312303.jpg	2	104 123 37 51	194 60 51 31
../../data/training/a1223320200212000102.jpg	0	
../../data/training/a1223233322101230301.jpg	0	
../../data/training/a1223233011110312023.jpg	7	28 113 54 56	92 135 44 30	195 64 26 41	182 85 14 19	214 91 41 31	205 3 12 12	133 244 40 12
../../data/training/a1223233322101213232.jpg	0	
../../data/training/a1223320200212000120.jpg	0	
../../data/training/a1223322022320012110.jpg	1	33 117 82 59
../../data/training/a1223322022320013202.jpg	3	148 39 28 22	240 37 16 57	241 1 15 18
../../data/training/a1223233003001202212.jpg	0	
../../data/training/a1223320200201333323.jpg	0	
../../data/training/a1223233322101203103.jpg	3	76 4 56 28	132 18 124 87	128 88 128 49
../../data/training/a1223233003001202112.jpg	0	
../../data/training/a1223233011110321302.jpg	0	
../../data/training/a1223233322101230012.jpg	0	
../../data/training/a1223322022320030110.jpg	2	200 75 56 42	155 93 42 99
../../data/training/a1223233322101213030.jpg	0	
../../data/training/a1223233011110312122.jpg	0	
../../data/training/a1223233011110321103.jpg	0	
../../data/training/a1223233011110303333.jpg	20	45 1 34 28	18 31 33 25	21 33 60 69	165 60 45 21	108 89 36 22	138 109 16 10	126 121 31 18	1 171 17 45	156 174 44 68	191 176 55 19	192 193 55 19	200 219 50 22	197 244 28 12	233 123 23 48	223 89 33 33	223 68 33 26	200 127 25 18	183 132 19 34	131 248 25 8	95 177 15 14
../../data/training/a1223320200201333313.jpg	0	
../../data/training/a1223320200212001001.jpg	0	
../../data/training/a1223233011110312033.jpg	2	23 223 42 33	28 192 18 23
../../data/training/a1223233011110321312.jpg	3	21 169 42 25	33 231 20 25	13 242 12 14
../../data/training/a1223233322101213213.jpg	0	
../../data/training/a1223233011110330301.jpg	1	1 199 20 23
../../data/training/0020.jpg	32	879 632 120 145	1285 694 110 125	1375 579 120 131	1274 483 121 135	1472 680 63 108	1543 729 47 65	1400 828 39 41	1467 879 29 30	1218 917 45 36	1660 1054 107 77	1781 1099 90 68	1871 1041 62 89	1919 806 61 69	1871 662 59 70	1566 492 112 106	1444 374 139 142	1456 183 76 113	1518 232 47 56	1386 86 51 66	1304 197 54 68	1235 178 92 117	1181 108 32 53	952 181 67 78	1616 284 109 144	1714 326 55 71	1755 441 66 92	1901 537 99 143	1965 632 35 89	1874 242 45 65	1854 190 34 39	1778 119 45 28	1944 1 56 64
../../data/training/a1223233322101231102.jpg	0	
../../data/training/a1223233011110313031.jpg	0	
../../data/training/a1223322022320013010.jpg	0	
../../data/training/a1223233003001203020.jpg	0	
../../data/training/a1223233003001202012.jpg	0	
../../data/training/a1223233011110330111.jpg	13	202 1 54 121	236 0 40 121	98 132 42 45	90 58 42 75	128 51 29 67	114 15 51 21	73 34 33 14	31 76 26 29	60 95 20 18	40 139 20 28	44 180 18 25	215 198 41 30	106 183 44 29
../../data/training/a1223233003001203002.jpg	0	
../../data/training/a1223233003001202130.jpg	0	
../../data/training/a1223320200201333123.jpg	0	
../../data/training/a1223233322101230210.jpg	0	
../../data/training/a1223233003001202103.jpg	0	
../../data/training/0015.jpg	0	
../../data/training/a1223322022320013220.jpg	0	
../../data/training/a1223320200201333133.jpg	0	
../../data/training/a3001010122303003301.jpg	1	220 14 32 24
../../data/training/a1223320200212001010.jpg	0	
../../data/training/a3001010122303003120.jpg	0	
../../data/training/a1223233322101221313.jpg	0	
../../data/training/a1223233011110321033.jpg	0	
../../data/training/a1223233011110313022.jpg	6	33 119 44 47	1 152 23 83	219 124 37 54	177 23 63 94	158 1 98 38	227 57 29 55
../../data/training/a1223233011110330001.jpg	9	83 1 36 70	65 1 19 34	1 1 24 27	1 105 31 65	1 179 65 42	91 85 83 31	162 147 19 20	74 150 21 16	242 155 14 25
../../data/training/a1223233322101231023.jpg	0	
../../data/training/a1223322022320012131.jpg	0	
../../data/training/a1223320200210222023.jpg	0	
../../data/training/a1223320200210222032.jpg	0	
../../data/training/a1223320200210222211.jpg	0	
../../data/training/a1223233322101213031.jpg	0	
../../data/training/a1223233003000313301.jpg	0	
../../data/training/a3001010122303012203.jpg	0	
../../data/training/a1223233011110321211.jpg	0	
../../data/training/a1223322022320031001.jpg	4	140 71 69 98	63 144 115 84	224 172 32 47	218 123 38 36
../../data/training/a1223233322101203333.jpg	3	1 1 49 50	1 72 88 111	1 190 84 66
../../data/training/a1223233003001202301.jpg	0	
../../data/training/a1223320200210223212.jpg	0	
../../data/training/a1223320200203111101.jpg	0	
../../data/training/a1223233322101212210.jpg	2	55 148 21 41	51 194 30 42
../../data/training/a1223233003001202002.jpg	0	
../../data/training/a1223233011110321123.jpg	0	
../../data/training/a1223320200210222303.jpg	0	
../../data/training/a1223233011110330201.jpg	4	207 120 17 25	241 71 14 26	173 114 28 29	43 22 24 39
../../data/training/0032.jpg	17	647 701 70 41	543 659 44 45	501 712 70 42	395 793 63 37	327 725 50 40	174 658 67 43	128 874 36 36	128 942 81 46	13 781 35 42	518 292 84 33	538 196 58 39	646 165 39 60	517 132 46 30	467 39 60 39	167 1169 51 28	3 1089 52 37	1 1121 35 45
../../data/training/a1223233011110313223.jpg	3	131 149 33 62	1 178 59 78	1 71 24 124
../../data/training/0031.jpg	35	72 432 36 55	56 271 59 28	495 145 81 71	685 95 84 48	700 61 47 29	1100 533 48 42	930 600 92 83	318 910 46 43	370 1045 47 51	423 1104 35 33	464 1096 48 33	627 1003 37 36	661 1000 48 62	569 1155 70 38	428 1159 47 28	909 1025 60 45	854 966 33 45	1535 826 76 54	1618 798 63 28	1854 754 69 47	1756 505 62 35	1868 498 58 32	1955 420 45 36	1630 482 58 31	1627 437 56 40	30 888 34 40	41 840 28 42	66 860 49 44	1932 257 45 37	1786 266 54 43	1784 190 56 32	1283 1090 45 65	1235 1155 48 42	369 600 45 45	779 272 42 41
../../data/training/a1223233003001203212.jpg	0	
../../data/training/a1223233011110321102.jpg	1	10 214 91 42
../../data/training/a1223233011110331012.jpg	4	1 1 60 65	1 98 34 108	201 1 55 42	168 27 37 38
../../data/training/a1223233322101212333.jpg	0	
../../data/training/a1223233011110312202.jpg	9	213 200 43 21	115 140 21 39	15 161 34 79	9 224 12 20	25 94 60 39	27 72 25 19	26 53 12 19	50 70 32 18	206 48 34 63
../../data/training/a1223233003001203101.jpg	0	
../../data/training/0019.jpg	16	122 834 116 66	1044 399 53 48	1134 424 56 74	1363 215 84 108	1545 369 96 97	1832 572 133 139	1767 640 126 115	1467 671 70 76	1501 702 62 69	1627 797 51 56	1622 820 80 78	1653 844 69 77	1678 876 70 73	1641 999 131 156	1789 946 124 131	1941 764 58 139
../../data/training/a1223233322101221103.jpg	0	
../../data/training/a1223233322101230033.jpg	0	
../../data/training/a1223320200210223230.jpg	0	
../../data/training/a1223233011110312330.jpg	1	18 12 28 21
../../data/training/a1223233322101231030.jpg	0	
../../data/training/a1223320200210223203.jpg	0	
../../data/training/a1223233011110312203.jpg	7	1 29 38 87	164 126 58 48	165 1 55 16	187 109 69 31	8 201 40 55	67 2 23 25	137 38 19 52
../../data/training/a1223233011110330310.jpg	0	
../../data/training/a1223233322101230300.jpg	0	
../../data/training/a1223233011110303312.jpg	5	186 41 62 26	188 85 41 61	86 193 33 63	1 112 90 44	3 10 41 33
../../data/training/a1223233011110331211.jpg	0	
../../data/training/a1223233011110312022.jpg	6	4 108 32 22	11 191 26 54	1 209 15 44	1 188 11 22	122 145 22 37	236 235 40 40
../../data/training/a1223233322101212203.jpg	0	
../../data/training/a1223322022320031010.jpg	3	142 44 23 18	4 59 37 55	1 117 20 20
../../data/training/a1223233011110321300.jpg	0	
../../data/training/a1223320200210223022.jpg	0	
../../data/training/a1223233003000313300.jpg	0	
../../data/training/0034.jpg	13	291 229 61 54	400 311 34 36	1321 672 67 54	1266 656 55 38	1336 260 56 40	1392 219 38 31	1279 485 67 41	1136 708 49 20	1812 1149 55 34	1333 1068 39 42	1134 1110 54 52	803 423 39 28	1652 638 56 28
../../data/training/a1223322022320013002.jpg	1	68 100 29 23
../../data/training/a1223320200201333301.jpg	0	
../../data/training/0021.jpg	23	867 80 139 156	680 10 124 112	296 1007 176 185	372 424 109 73	744 764 49 63	255 691 89 97	199 624 49 94	126 578 84 160	262 231 51 79	226 166 50 82	114 99 39 51	59 218 83 30	80 288 60 80	14 439 97 64	1 391 41 34	1568 190 89 95	1450 131 101 106	1472 259 59 57	479 169 70 82	48 5 32 41	1 586 38 79	1210 125 55 58	1160 65 47 45
../../data/training/a1223233003000313032.jpg	0	
../../data/training/a1223233322101231213.jpg	0	
../../data/training/a1223233322101212222.jpg	0	
../../data/training/a1223233322101212023.jpg	0	
../../data/training/a1223320200210222320.jpg	0	
../../data/training/a3001010122303003303.jpg	0	
../../data/training/a1223233003001202003.jpg	0	
../../data/training/a3001010122303003203.jpg	4	111 45 29 41	194 99 26 22	218 69 33 32	199 181 35 39
../../data/training/a1223233011110330211.jpg	1	187 204 69 52
../../data/training/a1223233003001202203.jpg	0	
../../data/training/a1223233322101213320.jpg	0	
../../data/training/a1223320200210222313.jpg	0	
../../data/training/a3001010122303003212.jpg	0	
../../data/training/a1223233011110330200.jpg	9	170 131 48 36	169 2 59 37	151 136 20 28	154 160 19 33	153 195 24 20	169 221 29 35	193 215 29 20	245 165 11 32	185 56 18 73
../../data/training/a1223233322101203122.jpg	6	162 201 93 32	105 172 50 55	39 62 58 65	208 1 48 15	199 46 57 130	1 202 47 52
../../data/training/a1223320200210222332.jpg	0	
../../data/training/a1223322022320013212.jpg	0	
../../data/training/a1223233003000313100.jpg	0	
../../data/training/a1223233011110331023.jpg	5	106 90 36 23	146 82 33 19	189 131 67 45	174 40 82 43	1 1 52 52
../../data/training/a1223322022320012113.jpg	0	
../../data/training/a1223233322101230201.jpg	0	
../../data/training/a1223233011110312223.jpg	8	223 113 33 52	119 64 20 17	1 34 24 25	126 129 23 40	106 168 36 23	60 201 47 26	20 223 38 31	85 242 38 14
../../data/training/a1223233003001202211.jpg	0	
../../data/training/a1223233322101221310.jpg	0	
../../data/training/a1223233011110312331.jpg	5	152 126 23 76	177 129 63 79	1 85 15 18	1 37 14 48	81 194 19 15
../../data/training/a3001010122303012303.jpg	0	
../../data/training/a1223233011110312212.jpg	6	175 177 24 52	235 111 21 29	49 200 38 48	89 194 47 39	158 248 15 8	223 1 15 15
../../data/training/a3001010122303002122.jpg	0	
../../data/training/a1223233011110331013.jpg	3	206 1 41 42	79 3 56 60	1 1 48 90
../../data/training/a1223233322101203311.jpg	3	191 54 37 69	199 132 23 16	238 83 18 44
../../data/training/a1223320200210223023.jpg	0	
../../data/training/a1223233011110330000.jpg	4	119 176 34 23	53 120 39 33	98 220 20 35	117 234 17 21
../../data/training/a3001010122303012301.jpg	0	
../../data/training/a1223233003000313210.jpg	0	
../../data/training/a1223233011110313221.jpg	1	195 109 61 46
../../data/training/a1223320200212001000.jpg	0	
../../data/training/a1223320200210222311.jpg	0	
../../data/training/a1223233322101213130.jpg	0	
../../data/training/a1223233322101213330.jpg	0	
../../data/training/a1223233322101231201.jpg	0	
../../data/training/a1223320200203111113.jpg	0	
../../data/training/a1223233011110321311.jpg	0	
../../data/training/a1223233011110330033.jpg	4	176 48 80 51	138 72 37 24	92 136 27 28	141 120 47 53
../../data/training/a1223233322101230302.jpg	0	
../../data/training/a1223233322101230110.jpg	0	
../../data/training/a1223233322101221133.jpg	0	
../../data/training/a1223233011110321120.jpg	2	20 127 34 29	1 207 18 27
../../data/training/a1223233322101221311.jpg	0	
../../data/training/a1223233011110330311.jpg	0	
../../data/training/a1223233322101212020.jpg	3	11 1 60 107	20 177 27 28	26 217 28 21
../../data/training/a3001010122303003123.jpg	0	
../../data/training/a1223320200201333310.jpg	0	
../../data/training/a1223233322101212332.jpg	0	
../../data/training/a1223322022320012130.jpg	1	237 102 19 23
../../data/training/a3001010122303003021.jpg	0	
../../data/training/a1223320200210222022.jpg	0	
../../data/training/a1223233322101203123.jpg	4	1 1 81 18	119 1 129 61	19 101 132 77	1 52 12 112
../../data/training/a1223233322101231303.jpg	0	
../../data/training/a1223233322101212200.jpg	0	
../../data/training/a1223322022320013222.jpg	0	
../../data/training/a1223233322101230102.jpg	0	
../../data/training/a1223233003000313122.jpg	0	
../../data/training/a1223320200210223032.jpg	0	
../../data/training/a1223233003001203302.jpg	0	
../../data/training/a1223233011110321013.jpg	0	
../../data/training/a1223233011110303122.jpg	2	133 82 22 39	3 89 22 20
../../data/training/a1223233003001202120.jpg	0	
../../data/training/a1223233003001202110.jpg	0	
../../data/training/a1223233003000313313.jpg	0	
../../data/training/a1223233322101213023.jpg	0	
../../data/training/a1223322022320012313.jpg	0	
../../data/training/a1223320200212000100.jpg	0	
../../data/training/a1223233003000313033.jpg	0	
../../data/training/a1223320200212001030.jpg	0	
../../data/training/a1223233322101212132.jpg	0	
../../data/training/a1223233011110312300.jpg	4	139 96 37 37	115 103 23 23	115 123 22 36	165 187 27 17
../../data/training/a1223322022320013033.jpg	1	1 45 17 53
../../data/training/a1223320200210222331.jpg	0	
../../data/training/a1223233322101230200.jpg	0	
../../data/training/a1223233003001202000.jpg	0	
../../data/training/0002.jpg	9	1719 893 62 39	1795 865 81 49	1930 790 63 58	1944 485 55 66	1832 467 72 73	1425 537 47 46	1535 509 52 38	1739 434 40 42	1840 342 39 36
