epochs: 250
scaler: StandardScaler
test_percent: 0.1
net_name: conv2
data_augmentation: True

# Neural Network with 18563 learnable parameters
## Layer information

  #  name    size
---  ------  --------
  0  input   3x32x32
  1  conv1   32x30x30
  2  pool1   32x15x15
  3  conv2   64x14x14
  4  pool2   64x7x7
  5  output  3 

1	0.9175811689	0.819731987432	1.11936728463	0.660030241935
2	0.768779594268	0.685223268079	1.12194029316	0.791834677419
3	0.649249449358	0.588312800513	1.10357865542	0.810483870968
4	0.565543414314	0.516992096573	1.09391114112	0.852402553763
5	0.49849073636	0.46313566272	1.07633848241	0.868027553763
6	0.474524373841	0.414186932021	1.14567683612	0.876008064516
7	0.431655702534	0.424874684562	1.01596004238	0.873487903226
8	0.401630643822	0.3631515678	1.10595872202	0.891717069892
9	0.384120722697	0.344529592268	1.11491358454	0.899697580645
10	0.392734995711	0.322946012068	1.21610108512	0.886508736559
11	0.347742851871	0.306317605762	1.13523625587	0.897009408602
12	0.328703760516	0.291606351562	1.1272174243	0.904989919355
13	0.306354197241	0.282270323956	1.08532201667	0.904905913978
14	0.308070264188	0.259236534343	1.18837518395	0.915490591398
15	0.300327374977	0.250692823597	1.19798951828	0.912886424731
16	0.293161856878	0.256562017481	1.14265494073	0.915658602151
17	0.287774474766	0.231554169576	1.24279547759	0.915490591398
18	0.265221438313	0.222601860432	1.19146101384	0.923471102151
19	0.244979197703	0.230225241038	1.06408487879	0.926159274194
20	0.241543088279	0.209566335319	1.15258535161	0.923387096774
21	0.252113628314	0.212506599968	1.18638022702	0.923471102151
22	0.232207966697	0.241563072109	0.961272617831	0.904905913978
23	0.223888454248	0.203519520224	1.10008344163	0.926075268817
24	0.196529954355	0.223662275322	0.878690669099	0.933971774194
25	0.19621950416	0.196353327174	0.999318458128	0.928595430108
26	0.189048310187	0.175952036532	1.07443092966	0.939096102151
27	0.182476000793	0.192232188851	0.949247895907	0.928595430108
28	0.180321935284	0.173375141844	1.04006798994	0.933887768817
29	0.168390967334	0.172862933803	0.974129986282	0.931115591398
30	0.170413234628	0.179668489933	0.948487042393	0.93405577957
31	0.165155599173	0.200069074576	0.825492893005	0.92876344086
32	0.162927391874	0.185950125263	0.876188664263	0.94716061828
33	0.181506382867	0.197067083509	0.921038560245	0.936491935484
34	0.155379264175	0.175794319362	0.883869653691	0.955057123656
35	0.155640953603	0.160510872886	0.969659879138	0.954889112903
36	0.147278287133	0.171552606983	0.858502180313	0.944556451613
37	0.14109271663	0.150324122082	0.938589992583	0.949764784946
38	0.150999141733	0.156465055758	0.965066231569	0.952452956989
39	0.148224462126	0.137942962571	1.07453442614	0.949848790323
40	0.130923787018	0.138798363158	0.943266073459	0.949848790323
41	0.139207632785	0.147865361965	0.941448564666	0.944472446237
42	0.141910898929	0.168375101939	0.842825912471	0.955057123656
43	0.148313020596	0.13734435336	1.07986252778	0.960349462366
44	0.134747852905	0.125904293321	1.07024033376	0.960265456989
45	0.131118798	0.134338733747	0.976031218568	0.968161962366
46	0.118349486736	0.116355453647	1.01713742697	0.962953629032
47	0.137245687359	0.141113678989	0.972589534496	0.952536962366
48	0.126727430581	0.140181059718	0.904026769636	0.944640456989
49	0.119818038586	0.130749772914	0.916391944059	0.957745295699
50	0.11941373528	0.131360211651	0.909055594377	0.955141129032
51	0.119006075445	0.135088257579	0.880950554676	0.955057123656
52	0.118945774393	0.127780813015	0.930857861883	0.957745295699
53	0.115066321255	0.136204494438	0.84480561181	0.949848790323
54	0.12695777785	0.195048210898	0.650904600791	0.92095094086
55	0.112006848989	0.116492228179	0.961496322458	0.962869623656
56	0.112167578201	0.137142307536	0.817891868793	0.947244623656
57	0.101726271086	0.107253296827	0.948467544553	0.962953629032
58	0.124678417624	0.114402517598	1.08982232421	0.960349462366
59	0.102545412309	0.133434042688	0.768510121126	0.952452956989
60	0.110133394417	0.109881171612	1.00229541423	0.965557795699
61	0.0991657309718	0.121490031802	0.816245822816	0.968245967742
62	0.111039201352	0.108087309533	1.02731025345	0.968245967742
63	0.109658575568	0.135301207249	0.810477436218	0.952536962366
64	0.0947974471841	0.118558712667	0.799582291772	0.965641801075
65	0.101597388039	0.0990335238688	1.02588885127	0.968329973118
66	0.0963760160787	0.118055913238	0.816359074569	0.955141129032
67	0.0897022305397	0.107743163343	0.832556124738	0.963037634409
68	0.105439700488	0.11692575585	0.901766250906	0.94716061828
69	0.110834643376	0.0930670816114	1.19091134541	0.968245967742
70	0.0928586881697	0.0908225519323	1.02241883975	0.978830645161
71	0.0988008010206	0.0994554919273	0.993417247313	0.963037634409
72	0.100420440834	0.0979118359796	1.02562105827	0.968161962366
73	0.0919849120431	0.0741121976934	1.24115752745	0.970934139785
74	0.102285501513	0.106528554109	0.960169809574	0.960349462366
75	0.0996904238372	0.0937668601442	1.06317331821	0.968245967742
76	0.0944315761922	0.106844990344	0.883818472797	0.957745295699
77	0.0879546252307	0.0893565525497	0.98431086161	0.968161962366
78	0.0892084283914	0.0928855770961	0.960412059442	0.970850134409
79	0.0683594233964	0.0907632404934	0.753161996253	0.976226478495
80	0.0820674266701	0.0848148752872	0.967606524117	0.976142473118
81	0.083644799425	0.0761661381526	1.09818879431	0.970850134409
82	0.0988090306232	0.0871722586379	1.13349168838	0.970850134409
83	0.0858222294217	0.0801218180171	1.07114680552	0.965473790323
84	0.0961346610622	0.0929092253957	1.03471598921	0.970850134409
85	0.0826667547022	0.10121826296	0.816717776862	0.955057123656
86	0.085500036469	0.0985311916041	0.867745889165	0.952452956989
87	0.0696493281142	0.0930761371489	0.748304885093	0.962869623656
88	0.0837616521522	0.100088106868	0.836879173492	0.963037634409
89	0.0890936002346	0.0982952506589	0.906387639661	0.973538306452
90	0.0795382155966	0.107265503423	0.741507875861	0.965725806452
91	0.0744556506106	0.0991171800844	0.75118814465	0.960433467742
92	0.0904463039282	0.0996234806855	0.907881388061	0.970850134409
93	0.0769517455998	0.0920113041672	0.836329256457	0.963121639785
94	0.0848489155519	0.103587610657	0.819102931461	0.968329973118
95	0.0859889920854	0.0963660582121	0.892316171075	0.970934139785
96	0.0884375272653	0.10419202255	0.848793651385	0.957829301075
97	0.0809906607738	0.092701053492	0.873675732076	0.965641801075
98	0.0741156201102	0.0939099247293	0.789220312164	0.965641801075
99	0.0762097310203	0.0920658828673	0.827773857664	0.968161962366
100	0.0892443460768	0.074525221425	1.19750527902	0.981518817204
101	0.0713087377915	0.0789159636879	0.903603459415	0.970934139785
102	0.0660402197282	0.103266752388	0.639510957794	0.965641801075
103	0.083161766428	0.0852587026615	0.97540501828	0.976142473118
104	0.0870636863937	0.114903755733	0.757709666132	0.963037634409
105	0.0872619607936	0.0906229619321	0.962912256818	0.976226478495
106	0.0779933268179	0.0789248625954	0.988197182144	0.973538306452
107	0.0762197419678	0.10844672002	0.702831233199	0.955141129032
108	0.0809894078815	0.0811443180222	0.998090930524	0.976142473118
109	0.0571797572487	0.0827945132381	0.690622542635	0.965557795699
110	0.0759846565313	0.094559863943	0.803561398704	0.968329973118
111	0.0663178014014	0.0778082427595	0.852323597725	0.970850134409
112	0.0637931374021	0.0864622914224	0.737814558839	0.970850134409
113	0.069446212408	0.0947320392651	0.733080517918	0.962953629032
114	0.0605499383615	0.070367369298	0.860483189376	0.976142473118
115	0.0625321421876	0.0819507253739	0.76304562165	0.976142473118
116	0.0791623576872	0.0679199332675	1.16552466822	0.978746639785
117	0.0674017421928	0.074252031632	0.907742733921	0.973370295699
118	0.0743383850375	0.114072082042	0.651679041065	0.952368951613
119	0.0691796865079	0.081080712014	0.853220017307	0.962953629032
120	0.0768123484302	0.0684458609461	1.12223511208	0.973286290323
121	0.060430948532	0.0563500101675	1.07242125338	0.978830645161
122	0.0723035777268	0.0812347385208	0.890057370078	0.968077956989
123	0.0851627748274	0.0916556618144	0.929160001046	0.968161962366
124	0.0542911768243	0.080165221029	0.677241029556	0.973370295699
125	0.063625332903	0.0792114845257	0.803233688701	0.968245967742
126	0.066468331983	0.0821258069019	0.809347688509	0.962869623656
127	0.075081420829	0.0745880789507	1.00661421886	0.970850134409
128	0.0608172527657	0.0756614454549	0.803807704175	0.968245967742
129	0.0727792915919	0.0711075702734	1.02350975166	0.970766129032
130	0.0566927757143	0.0748248053784	0.757673547262	0.978662634409
131	0.0550164622868	0.0706289576561	0.77895050575	0.976142473118
132	0.0611977069506	0.0710516965282	0.861312395635	0.976226478495
133	0.0631107074982	0.0725900942494	0.869412116775	0.981434811828
134	0.070245713388	0.0685149457079	1.02526116984	0.978746639785
135	0.0602414808283	0.0768574967019	0.78380748025	0.976058467742
136	0.0714830416894	0.070012645065	1.02100187221	0.976142473118
137	0.060464209145	0.0792615563317	0.762844081587	0.973370295699
138	0.0755803439053	0.0733511727509	1.03039039556	0.973370295699
139	0.0696587819825	0.0741447122481	0.939497637395	0.968245967742
140	0.0619622311346	0.0895455426406	0.691963321762	0.965473790323
141	0.0746744477345	0.0900869851423	0.828914938341	0.978830645161
142	0.0766941454045	0.0906433919308	0.846108511286	0.968077956989
143	0.0688873780604	0.0977173862433	0.70496541822	0.960265456989
144	0.068177980496	0.075169137736	0.90699431375	0.970850134409
145	0.0694754081013	0.0864854349202	0.803319173516	0.962869623656
146	0.0620182068007	0.082441405383	0.752270130678	0.973454301075
147	0.0659201361696	0.069164742003	0.953088730769	0.981350806452
148	0.059001535759	0.0752074852714	0.784516801035	0.970766129032
149	0.0567025003722	0.0745068666592	0.761037242803	0.973454301075
150	0.0578012314866	0.0711005490641	0.812950564341	0.976142473118
151	0.0682442711477	0.0801057545997	0.851927199097	0.965473790323
152	0.0505906044539	0.0695371875099	0.727533083599	0.978830645161
153	0.0607175116967	0.0578100313724	1.05029369913	0.976142473118
154	0.0612585090507	0.0815166977017	0.751484183951	0.973538306452
155	0.0580575730763	0.0727267431293	0.798297442979	0.973538306452
156	0.0690605890179	0.0743069880873	0.929395616691	0.973538306452
157	0.0673449374244	0.0725758467856	0.927924928295	0.978830645161
158	0.0548124703537	0.0953774084869	0.574690288017	0.965641801075
159	0.0696542142876	0.0806074508873	0.864116325734	0.970766129032
160	0.0512125930752	0.0814236858624	0.62896431834	0.970850134409
161	0.0567239889089	0.09885482804	0.5738110119	0.960181451613
162	0.0697604169716	0.0812220886427	0.858884795225	0.976142473118
163	0.0733245877564	0.0807105938866	0.90848777373	0.973454301075
164	0.0561253141741	0.0766878630431	0.731866972778	0.973538306452
165	0.0666964385596	0.0873288289065	0.763739069843	0.968245967742
166	0.0580693704134	0.0606476703862	0.957487238069	0.976058467742
167	0.0496951512108	0.0699839928267	0.710093111346	0.976142473118
168	0.055326950053	0.0785403368108	0.704439938757	0.976142473118
169	0.0604170406254	0.0642673543712	0.940089120153	0.978830645161
170	0.0602414355307	0.076400929293	0.788490874236	0.970766129032
171	0.0594119142371	0.0886082421528	0.670500991709	0.973454301075
172	0.0505710839458	0.065448783641	0.772681799913	0.978746639785
173	0.0734849077471	0.0603032064175	1.21859038868	0.984038978495
174	0.0596616709197	0.068089482606	0.876224471625	0.976058467742
175	0.0546420134359	0.0646761873965	0.844855203058	0.981434811828
176	0.0636674408879	0.0704784236384	0.903360739374	0.976142473118
177	0.0609713245914	0.125369548641	0.486332807704	0.957661290323
178	0.0568553962692	0.0763116997057	0.745041671048	0.976058467742
179	0.0620496249954	0.0723556480147	0.857564360183	0.970850134409
180	0.0515362312499	0.0607056526454	0.848952758172	0.976142473118
181	0.0607435511464	0.0744605512225	0.81578164745	0.976226478495
182	0.0579939661294	0.0634927175943	0.913395556636	0.978746639785
183	0.0561906817753	0.0792340152828	0.709173725132	0.976142473118
184	0.0572366539273	0.0613376338939	0.933140884214	0.984038978495
185	0.0613574441018	0.0708758457143	0.865703167044	0.965557795699
186	0.0566970436729	0.0873050666364	0.649412982055	0.962953629032
187	0.0508232963421	0.0658253458223	0.77209311561	0.976226478495
188	0.0488111858355	0.0739850301804	0.659744082236	0.976142473118
189	0.0543804990253	0.0698343541116	0.778706980499	0.978746639785
190	0.0533140499215	0.0572265755827	0.931630966533	0.978830645161
191	0.0534004215175	0.0919246502817	0.580915144673	0.968413978495
192	0.0633765143452	0.111540010268	0.568195342578	0.95497311828
193	0.0606617896375	0.0834107387973	0.727265943356	0.970850134409
194	0.0495289235081	0.0687781648526	0.720125691261	0.970850134409
195	0.0500900218846	0.0920238991395	0.544315361042	0.965641801075
196	0.0646639176069	0.0750457163041	0.861660342408	0.970850134409
197	0.0572283606635	0.0949964240915	0.602426472479	0.962953629032
198	0.0610158359613	0.0702787019941	0.868198105971	0.976058467742
199	0.0573033680375	0.0767564081971	0.746561354074	0.970766129032
200	0.0577133574315	0.0810563605786	0.712015158582	0.973370295699
201	0.0524373532861	0.0914535339717	0.573377003696	0.968161962366
202	0.0480477902698	0.0960304818501	0.500338948052	0.973370295699
203	0.046708209221	0.0893548140463	0.522727395491	0.976058467742
204	0.0592935834997	0.0732370653144	0.809611680167	0.973454301075
205	0.0386962216804	0.075347623445	0.513569239628	0.968245967742
206	0.0675514058978	0.074998139989	0.900707749654	0.965641801075
207	0.0557548341862	0.0845322330084	0.659568926574	0.965641801075
208	0.0715419392639	0.0890748063231	0.80316693594	0.968245967742
209	0.0536592936798	0.0784435993327	0.684049356943	0.970766129032
210	0.0651730084843	0.0926680417386	0.703295410818	0.968245967742
211	0.0491321189488	0.108031192717	0.454795672556	0.957661290323
212	0.0489300637386	0.0827018656958	0.591644013432	0.970766129032
213	0.0515619167979	0.0698287429988	0.738405341176	0.976142473118
214	0.0466541379808	0.0964002180335	0.483962992331	0.962953629032
215	0.0615986216539	0.115940278492	0.531296133277	0.95497311828
216	0.0552485759119	0.0813765402455	0.678925102311	0.970766129032
217	0.0531239728016	0.0985032283258	0.539311997226	0.960181451613
218	0.0513174146325	0.0769319578179	0.667049378282	0.976142473118
219	0.046805623084	0.0709101706552	0.660069248903	0.976058467742
220	0.0471760615198	0.0876232913867	0.538396364405	0.968077956989
221	0.0485716141839	0.0971115828927	0.500162933576	0.968161962366
222	0.0486368752343	0.0779945188939	0.623593502775	0.970766129032
223	0.050610395303	0.100122483298	0.505484818555	0.968245967742
224	0.0534727838579	0.0888795015351	0.601632355428	0.970850134409
225	0.0588837235406	0.0891543309572	0.660469580203	0.965473790323
226	0.0473806439593	0.0829970512144	0.570871413695	0.970934139785
227	0.0519311166887	0.0859887607493	0.603929120924	0.968161962366
228	0.0433005127609	0.0816262272499	0.530473038137	0.970934139785
229	0.0435698734459	0.0877707664737	0.496405297531	0.965389784946
230	0.0400203290496	0.0772349177408	0.518163678039	0.973370295699
231	0.0467309302314	0.0798699409482	0.585087827494	0.965557795699
232	0.0420444917506	0.0761506597555	0.552122488309	0.973538306452
233	0.0438731512799	0.078801080079	0.556758247931	0.968161962366
234	0.0496593133069	0.0675795750971	0.734827249736	0.976226478495
235	0.0470327543143	0.0630834344736	0.745564262739	0.981518817204
236	0.053128887918	0.0806189062815	0.659012759767	0.973538306452
237	0.0562643684205	0.0776463830247	0.724623172758	0.968161962366
238	0.0433651984845	0.079859718036	0.543017175004	0.973538306452
239	0.0457424405765	0.0992118689473	0.461058148202	0.965641801075
240	0.0528461619103	0.0865969770401	0.610254118753	0.965641801075
241	0.0396582612414	0.0794513621233	0.499151432796	0.976142473118
242	0.0425678939342	0.0790198959236	0.538698430776	0.970850134409
243	0.0489370059471	0.0753880955236	0.649134397244	0.970850134409
244	0.0441586993179	0.0789493380436	0.55932957023	0.970934139785
245	0.0552402813571	0.0906066500775	0.609671379638	0.960265456989
246	0.0590198840964	0.0932387915104	0.632997094239	0.955057123656
247	0.0639554712476	0.122345496844	0.522744791573	0.952368951613
248	0.0499665308727	0.0915349656677	0.545873705291	0.968077956989
249	0.0499357763314	0.0904883719916	0.551847438873	0.973454301075
250	0.0384165188902	0.069370486894	0.553787649623	0.973538306452


Confusion Matrix
[[102   0   0]
 [  0  73   4]
 [  0   1  31]]


Report
             precision    recall  f1-score   support

          0       1.00      1.00      1.00       102
          1       0.99      0.95      0.97        77
          2       0.89      0.97      0.93        32

avg / total       0.98      0.98      0.98       211
