epochs: 200
scaler: StandardScaler
test_percent: 0.1
net_name: conv_large
data_augmentation: True

# Neural Network with 870551 learnable parameters
## Layer information

  #  name     size
---  -------  --------
  0  input    3x32x32
  1  conv1    32x30x30
  2  pool1    32x15x15
  3  conv2    64x14x14
  4  pool2    64x7x7
  5  conv3    128x6x6
  6  pool3    128x3x3
  7  hidden4  500
  8  hidden5  500
  9  output   3 

1	0.993965276093	0.869843906518	1.14269384271	0.644489247312
2	0.842616297238	0.782142756109	1.07731777947	0.660366263441
3	0.763012013576	0.695773898603	1.09663788065	0.731266801075
4	0.655051820937	0.576834850557	1.13559681823	0.820900537634
5	0.57355562382	0.522651784992	1.09739532188	0.826192876344
6	0.509531617879	0.503595365883	1.01178774151	0.823588709677
7	0.470684435146	0.456591612834	1.03086526759	0.82627688172
8	0.46308368419	0.402204365815	1.15136414109	0.844758064516
9	0.391523282894	0.388271301364	1.00837553926	0.834173387097
10	0.47935252602	0.361113725271	1.32742815483	0.881384408602
11	0.377969044352	0.332856489449	1.13553154688	0.889448924731
12	0.323858390141	0.281732046433	1.14952627591	0.899697580645
13	0.292665991961	0.378709457537	0.772798212817	0.871051747312
14	0.326849479787	0.47520561265	0.687806438068	0.805359543011
15	0.503788766882	0.343180826334	1.46799800054	0.886676747312
16	0.326451979533	0.294090628897	1.11003870051	0.891885080645
17	0.291355383866	0.259229871869	1.1239267364	0.899865591398
18	0.258875693654	0.224004675668	1.15567093804	0.907594086022
19	0.233162942868	0.374063867453	0.623323884384	0.876176075269
20	0.246601216893	0.223458111857	1.103567979	0.910198252688
21	0.201894014168	0.17938471094	1.12548061153	0.931115591398
22	0.207460722365	0.156053278362	1.3294223905	0.946908602151
23	0.185545294153	0.173070114053	1.07208165412	0.936239919355
24	0.175161007917	0.152874076048	1.14578620814	0.960181451613
25	0.184569367953	0.181855124794	1.01492530476	0.933719758065
26	0.166640105247	0.157454741036	1.05833653627	0.949596774194
27	0.17877701087	0.146287144057	1.22209652818	0.946908602151
28	0.161740057382	0.139251504366	1.16149594303	0.95749327957
29	0.154419669253	0.118441681545	1.3037612033	0.965473790323
30	0.134280553333	0.13257567744	1.01285964308	0.960097446237
31	0.130871396582	0.110024965266	1.18947001042	0.965557795699
32	0.146345946908	0.118836372341	1.2314912011	0.965557795699
33	0.147608727606	0.120398377341	1.22600263281	0.957661290323
34	0.12099679339	0.153573017487	0.787877944773	0.949848790323
35	0.156785563545	0.129925236781	1.20673679286	0.955057123656
36	0.145493627401	0.107132555077	1.3580711045	0.976226478495
37	0.128372574586	0.109816459055	1.16897390146	0.965557795699
38	0.123499042177	0.0965345624253	1.27932461778	0.968329973118
39	0.124478362176	0.103736929679	1.19994261022	0.970850134409
40	0.125342728922	0.138532931974	0.904786516361	0.949848790323
41	0.132615086389	0.0742719474286	1.78553398665	0.976142473118
42	0.112360928162	0.0943119278347	1.19137558464	0.970850134409
43	0.111190286693	0.0801630467772	1.38705165488	0.978746639785
44	0.0978635936301	0.071203285996	1.37442524262	0.976142473118
45	0.107962416952	0.10036131634	1.07573735468	0.962953629032
46	0.116294527886	0.0953694766244	1.21941036066	0.965641801075
47	0.10437470012	0.0674382777956	1.54770708167	0.973538306452
48	0.0958799865601	0.0744161738822	1.28842940396	0.976226478495
49	0.094687765721	0.0718810588847	1.31728395756	0.973454301075
50	0.0833531765351	0.0717982890257	1.16093541596	0.973538306452
51	0.100120118261	0.0675285807889	1.48263323606	0.978830645161
52	0.0851461686027	0.0648653677062	1.31265992337	0.981518817204
53	0.0835140785169	0.0664377652599	1.25702720719	0.984122983871
54	0.11079793324	0.0952709126455	1.16297755698	0.968245967742
55	0.116289746179	0.0925607728166	1.2563610117	0.971018145161
56	0.106837868768	0.0630129213799	1.69549143935	0.984122983871
57	0.0827270745172	0.0834754981496	0.991034211846	0.973538306452
58	0.0798809667277	0.0634913359556	1.2581396426	0.978830645161
59	0.106261343447	0.0834655221423	1.27311662012	0.973538306452
60	0.0812684365299	0.0653074464348	1.24439770603	0.976226478495
61	0.0926758482029	0.0644716879432	1.43746582662	0.978914650538
62	0.102878567976	0.158584572771	0.648729987908	0.955141129032
63	0.84503520903	0.456768648075	1.85002892075	0.826192876344
64	0.306340707505	0.258472116811	1.18519827703	0.918262768817
65	0.251444153121	0.235033606663	1.06982212753	0.907342069892
66	0.234612800056	0.188519927231	1.24449867716	0.946992607527
67	0.181579041475	0.124017580235	1.46413952869	0.976142473118
68	0.153077307134	0.122662306962	1.24795718363	0.957745295699
69	0.149883614881	0.107997853951	1.3878388264	0.957829301075
70	0.358565379363	0.396643640057	0.903998811909	0.876176075269
71	0.265186651223	0.187793574045	1.41211781378	0.955141129032
72	0.168061715872	0.130482786134	1.28799913652	0.957661290323
73	0.145038565824	0.109500527509	1.32454673163	0.965641801075
74	0.128380136345	0.10980344533	1.16918131265	0.968245967742
75	0.109814025774	0.0873506165474	1.25716371691	0.976226478495
76	0.107727332908	0.112042236814	0.961488595477	0.960433467742
77	0.0881953869039	0.0974957654076	0.90460735946	0.971102150538
78	0.104916472385	0.107883626983	0.972496710749	0.963037634409
79	0.0939478875166	0.069157999821	1.35845293039	0.976226478495
80	0.0905995251306	0.085088848492	1.0647637938	0.963205645161
81	0.102542741015	0.243194197309	0.421649620549	0.918178763441
82	0.116424833019	0.0675260767693	1.72414626452	0.981434811828
83	0.0803513919248	0.0802025267274	1.00185611605	0.973622311828
84	0.0918333186546	0.0658435600594	1.39471982639	0.981518817204
85	0.0827201857921	0.06879988621	1.20233027042	0.976226478495
86	0.0824291431518	0.0649076153154	1.26994564122	0.981518817204
87	0.0836650647646	0.0664942710927	1.25822966986	0.981518817204
88	0.0811505185531	0.0653099716496	1.2425440787	0.978746639785
89	0.0603182340162	0.0700075404686	0.861596245383	0.973622311828
90	0.0692926727424	0.0676191381451	1.02474942218	0.978914650538
91	0.0635555289313	0.0675368334545	0.941049878718	0.976310483871
92	0.071124857569	0.0570786870315	1.24608433144	0.981518817204
93	0.0609511298563	0.058195770731	1.04734638086	0.986811155914
94	0.0691409983244	0.0588462219102	1.17494371057	0.981518817204
95	0.060424197195	0.0523183903885	1.15493226658	0.981434811828
96	0.0673332765309	0.0612657607579	1.09903599821	0.986811155914
97	0.0766272799508	0.0562959067891	1.36115189046	0.978914650538
98	0.0654058670462	0.0486157926038	1.34536255696	0.981518817204
99	0.0671792305063	0.0595973706237	1.12721802662	0.984290994624
100	0.0735812175822	0.0503205327735	1.46225036832	0.984206989247
101	0.0567651391669	0.0543191185747	1.04503056486	0.976226478495
102	0.0653168692512	0.0529724920103	1.23303372699	0.984206989247
103	0.0650945772077	0.0647432410895	1.00542660689	0.978830645161
104	0.0574869636927	0.0556323672856	1.03333664371	0.984206989247
105	0.0638549217971	0.0540884413824	1.18056501843	0.981518817204
106	0.0474785201755	0.0626445621379	0.757903296873	0.981518817204
107	0.0567066283896	0.0773341146751	0.733267958492	0.976310483871
108	0.0633780473814	0.0566711092553	1.11834845328	0.981602822581
109	0.0602651575982	0.0602120230497	1.00088245745	0.981602822581
110	0.0555708819127	0.0503019728855	1.10474557408	0.981518817204
111	0.0649981203251	0.052980249977	1.22683679963	0.984206989247
112	0.0509346158552	0.0769512225226	0.661907818816	0.973622311828
113	0.0444264943978	0.0455098970491	0.976194130915	0.989499327957
114	0.0454695989136	0.0581258421417	0.782261335721	0.98689516129
115	0.0463234230549	0.0608522030836	0.761244798175	0.984290994624
116	0.0509053092981	0.0507974991506	1.00212235148	0.986727150538
117	0.0636988296245	0.0527066536063	1.20855385926	0.981602822581
118	0.0455550756901	0.0567465251568	0.802781766183	0.981518817204
119	0.0459534158399	0.0629433762611	0.73007548323	0.976310483871
120	0.0518576689748	0.0466713922027	1.11112324975	0.986811155914
121	0.0495351370603	0.0591068093214	0.838061428607	0.986727150538
122	0.0527765817162	0.0454634695026	1.16085688782	0.986811155914
123	0.0390772959765	0.0526749356044	0.741857498793	0.984038978495
124	0.0578472373412	0.0638006455399	0.906687336024	0.976226478495
125	0.0433539259325	0.0440409749341	0.984399777647	0.984122983871
126	0.0470647603479	0.0528107698776	0.891196255176	0.984122983871
127	0.0534977010467	0.0831953144119	0.643037428549	0.976226478495
128	0.0480040215212	0.0539680145665	0.889490226883	0.98689516129
129	0.0448748206955	0.0591574349466	0.75856603208	0.986811155914
130	0.0627141762544	0.0557527694189	1.12486208144	0.978998655914
131	0.0434842756498	0.0585074234673	0.743226638139	0.986811155914
132	0.0450107263207	0.0642262121687	0.700815520655	0.981434811828
133	0.0509037239931	0.0603320671058	0.843725839923	0.981434811828
134	0.035143352568	0.0466046198697	0.754074438678	0.984122983871
135	0.0322979777251	0.0533632628763	0.605247430239	0.986727150538
136	0.0443693806141	0.083573920255	0.530899836681	0.970934139785
137	0.0427017909875	0.0640553756704	0.666638678497	0.984122983871
138	0.0400570005859	0.0644098584369	0.621907912205	0.978830645161
139	0.0469041833517	0.0450029285887	1.0422473564	0.984122983871
140	0.0414944585135	0.0524832733198	0.790622533406	0.984038978495
141	0.0366345254631	0.043738795465	0.837575088057	0.989415322581
142	0.0249861923824	0.0564873079232	0.442332858495	0.984038978495
143	0.0331294178066	0.0520390730042	0.636625825442	0.981350806452
144	0.0392027640549	0.0609228477704	0.643482133381	0.984038978495
145	0.0412985914778	0.0607045690899	0.680320972489	0.984122983871
146	0.0371490436484	0.0525235016591	0.707284215159	0.984122983871
147	0.0442160254746	0.0656500160392	0.673511266901	0.976226478495
148	0.0387434122743	0.0613871002683	0.631132796711	0.978998655914
149	0.0355985693038	0.0740398324367	0.480802942581	0.978830645161
150	0.0382388504173	0.0486310915762	0.786304587825	0.986811155914
151	0.0366463342783	0.0449787800704	0.814747181248	0.986727150538
152	0.0219591751563	0.0560491636299	0.391784171862	0.984122983871
153	0.0541182408916	0.0497902235179	1.08692504408	0.981518817204
154	0.0349810309112	0.0483401661002	0.723643167437	0.989499327957
155	0.0265191399499	0.0522971010911	0.50708623225	0.984122983871
156	0.0301008791989	0.0561610740597	0.535974065719	0.984206989247
157	0.035916629443	0.0687514563575	0.522412634523	0.986979166667
158	0.0487995114239	0.0510748353175	0.955451175135	0.98689516129
159	0.0350307871136	0.0467251432299	0.749720272471	0.989415322581
160	0.0403172566275	0.0388598073673	1.03750531356	0.989499327957
161	0.0489815706334	0.0487425337199	1.00490407238	0.989415322581
162	0.0305545525864	0.040511850683	0.754212707424	0.992103494624
163	0.0326721376647	0.0490269847257	0.666411321182	0.986811155914
164	0.0339064736286	0.0449587753934	0.754168086918	0.994791666667
165	0.0358028705475	0.0509750010815	0.702361349444	0.992103494624
166	0.029446840208	0.0376322705889	0.782489064497	0.992103494624
167	0.0318454759219	0.0449995615938	0.707684137222	0.989415322581
168	0.0296792311513	0.0443722450978	0.668869269199	0.989415322581
169	0.0269975118567	0.0463197831528	0.582850566627	0.986811155914
170	0.04878565507	0.0537927125527	0.906919408873	0.984038978495
171	0.0319747449646	0.058194563489	0.549445567551	0.986727150538
172	0.0216881141829	0.0446684257744	0.485535673284	0.989415322581
173	0.0301439288441	0.0567082941954	0.531561198795	0.986727150538
174	0.0322965743463	0.04970076324	0.64982049049	0.986727150538
175	0.0224901769763	0.0491148328095	0.457910079091	0.989499327957
176	0.0306254563456	0.0507841571088	0.603051386281	0.989415322581
177	0.0361508046449	0.0389101180003	0.929084939928	0.992103494624
178	0.0306287155979	0.047274837147	0.647886221219	0.99470766129
179	0.0407914599014	0.0446532849638	0.91351531997	0.989415322581
180	0.0182697917809	0.0523113333127	0.349251120626	0.984038978495
181	0.039405297741	0.0620198669055	0.635365725648	0.978914650538
182	0.0273444433333	0.0635285518793	0.430427619148	0.978830645161
183	0.0153918596224	0.0455182207981	0.338147215611	0.984122983871
184	0.0292511706164	0.0413312130526	0.707725915984	0.989499327957
185	0.0202757614129	0.0561788977956	0.360914190354	0.984122983871
186	0.029113657997	0.0442525402886	0.657898005563	0.986811155914
187	0.0243596447	0.0598503728165	0.407009072019	0.984206989247
188	0.0235415470972	0.0441329545076	0.5334233196	0.989415322581
189	0.0267046628862	0.0591325487818	0.45160682968	0.981602822581
190	0.0286531643014	0.0476143260344	0.601776118404	0.992103494624
191	0.0298810937051	0.0520693433117	0.573871145756	0.989499327957
192	0.0259001535785	0.0551147144971	0.4699317381	0.986811155914
193	0.0394454131631	0.0523886152414	0.752938648622	0.986727150538
194	0.0214492812332	0.065029914666	0.329837142542	0.989415322581
195	0.0263886569833	0.0502723514228	0.524913918614	0.989415322581
196	0.020930654532	0.0559959337771	0.373788829299	0.989415322581
197	0.0148024877922	0.0702211550098	0.210798124727	0.981518817204
198	0.0166331225806	0.0817976520767	0.203344743502	0.978914650538
199	0.0216766145779	0.0583753090455	0.371331902689	0.989415322581
200	0.0294518750619	0.0702102255585	0.419481276803	0.986811155914


Confusion Matrix
[[102   0   0]
 [  0  72   5]
 [  0   0  32]]


Report
             precision    recall  f1-score   support

          0       1.00      1.00      1.00       102
          1       1.00      0.94      0.97        77
          2       0.86      1.00      0.93        32

avg / total       0.98      0.98      0.98       211
