epochs: 250
scaler: StandardScaler
test_percent: 0.1
net_name: conv_1
data_augmentation: True

# Neural Network with 22499 learnable parameters
## Layer information

  #  name    size
---  ------  --------
  0  input   3x32x32
  1  conv1   32x30x30
  2  pool1   32x15x15
  3  output  3 

1	0.842410786276	0.675392761242	1.24729022077	0.763272849462
2	0.619064118653	0.57545717167	1.07577791907	0.778813844086
3	0.542734189321	0.491282473855	1.10472939338	0.83408938172
4	0.477420671347	0.469329412749	1.0172400416	0.84719422043
5	0.482161463231	0.417612932639	1.15456544936	0.862903225806
6	0.443794462884	0.394226824953	1.12573380296	0.878612231183
7	0.397551310486	0.390571993328	1.01786947676	0.862735215054
8	0.399606524721	0.377137112135	1.05957889548	0.878612231183
9	0.383877529053	0.343061419152	1.11897610055	0.881384408602
10	0.401874333586	0.338816561521	1.18611183521	0.878780241935
11	0.361844928516	0.310966810776	1.16361269427	0.883988575269
12	0.355323924749	0.364022174151	0.97610516606	0.878780241935
13	0.36949486056	0.339204686536	1.08929762832	0.889112903226
14	0.356906990216	0.311751313809	1.14484518399	0.891885080645
15	0.33800453282	0.281464676031	1.20087727379	0.899781586022
16	0.343256783881	0.321729014558	1.0669127382	0.886592741935
17	0.326683876885	0.318862245012	1.02452981497	0.891801075269
18	0.324860187728	0.278146107466	1.16794799211	0.905073924731
19	0.32597607304	0.382354865568	0.852548515516	0.857862903226
20	0.404226124551	0.300968085176	1.34308634191	0.899697580645
21	0.336923939348	0.267705835474	1.25856031024	0.918178763441
22	0.302435776922	0.291875455829	1.03618091512	0.899697580645
23	0.299481417957	0.274824305801	1.08971954677	0.905073924731
24	0.306274462343	0.298284666371	1.02678580856	0.905073924731
25	0.321993547208	0.267300697836	1.20461169692	0.912970430108
26	0.316517974208	0.249136253001	1.27046132546	0.910282258065
27	0.286238592613	0.247394265032	1.15701385631	0.926075268817
28	0.274639615328	0.256984941194	1.0686992555	0.920698924731
29	0.302034128874	0.261596472083	1.1545802834	0.920782930108
30	0.310528867144	0.267128915546	1.16246819072	0.915658602151
31	0.291413020383	0.263053685231	1.10780816519	0.918346774194
32	0.294250450157	0.276020964244	1.06604384548	0.915490591398
33	0.290168691638	0.30443355836	0.95314292288	0.897177419355
34	0.298145730799	0.211991317169	1.40640538858	0.92624327957
35	0.297540268268	0.268346016802	1.10879331027	0.905241935484
36	0.282084916987	0.295377677478	0.954997410081	0.905157930108
37	0.316198478053	0.291817476097	1.08354880689	0.912970430108
38	0.267532826166	0.241753320091	1.10663558236	0.93405577957
39	0.259043474445	0.237689797366	1.08983842519	0.92876344086
40	0.283646188166	0.250763811446	1.13112887593	0.921034946237
41	0.248787881086	0.267527925132	0.929951073195	0.910366263441
42	0.257042241977	0.255414996998	1.00637098447	0.926159274194
43	0.330911820658	0.272570575714	1.21404087654	0.918262768817
44	0.256416659851	0.23484338124	1.09186240846	0.931451612903
45	0.250102797318	0.229635715568	1.08912847768	0.936743951613
46	0.242945239348	0.210693135342	1.15307619754	0.94186827957
47	0.250291449902	0.21279503647	1.17620906039	0.933971774194
48	0.239444535229	0.214358199181	1.11702998133	0.93657594086
49	0.230450632176	0.209564557721	1.09966415448	0.931367607527
50	0.309120449017	0.240016481754	1.28791342477	0.923471102151
51	0.256873260864	0.253204555981	1.01448909507	0.931367607527
52	0.269034991504	0.187144149038	1.43758163366	0.939264112903
53	0.233319434615	0.176424847774	1.32248624589	0.944556451613
54	0.249045204947	0.18779551742	1.32615095593	0.952368951613
55	0.221992723535	0.204327479728	1.08645554592	0.933971774194
56	0.256810520945	0.176376871417	1.45603286237	0.94716061828
57	0.218794215705	0.193793383564	1.12900766621	0.936743951613
58	0.264610616083	0.194245101428	1.36225116689	0.939264112903
59	0.225807222019	0.188479411185	1.19804715326	0.934307795699
60	0.249902405291	0.203111360267	1.23037138328	0.947244623656
61	0.21648941351	0.196660515453	1.10082805901	0.94186827957
62	0.215016263348	0.207182448909	1.03781118758	0.944556451613
63	0.207264396431	0.237469841914	0.872803025263	0.936743951613
64	1.01596898648	0.310197649282	3.27523109486	0.915406586022
65	0.330453338966	0.254450490103	1.2986940557	0.913222446237
66	0.297895033212	0.228545648263	1.30343778355	0.921034946237
67	0.257117348213	0.256370857295	1.00291176199	0.92624327957
68	0.274239579806	0.224935452206	1.2191923377	0.923387096774
69	0.254458163274	0.248359055316	1.02455762263	0.918262768817
70	0.241380956736	0.240511699652	1.00361419875	0.931367607527
71	0.234695800437	0.229287798288	1.02358608783	0.92876344086
72	0.24755771921	0.202650503777	1.22159932789	0.936743951613
73	0.237358221854	0.180408104242	1.31567383212	0.94716061828
74	0.197602911097	0.172368485876	1.14639813707	0.952452956989
75	0.206026360676	0.172254085479	1.1960608081	0.949764784946
76	0.184109857076	0.167191761809	1.10118976608	0.949932795699
77	0.198374026497	0.165308342415	1.20002429157	0.952620967742
78	0.189886193175	0.169749307721	1.11862720222	0.949932795699
79	0.205667664398	0.20701716435	0.993481217093	0.942036290323
80	0.249017572767	0.174778983328	1.4247569589	0.94716061828
81	0.18499761254	0.161496106723	1.14552366799	0.952536962366
82	0.179754825516	0.151009830021	1.19035181677	0.957745295699
83	0.194338336248	0.185289553533	1.04883590328	0.936743951613
84	0.196055173379	0.157737015544	1.24292432377	0.952536962366
85	0.214017653912	0.595975054188	0.359105053825	0.868279569892
86	0.303257858282	0.207262287638	1.46315985285	0.939432123656
87	0.200279156973	0.171059279106	1.170817263	0.949764784946
88	0.185756888034	0.165058789068	1.12539834493	0.942036290323
89	0.204642946726	0.160110756058	1.2781336605	0.955225134409
90	0.183812563369	0.228141469967	0.805695533545	0.936743951613
91	0.203568871864	0.150977018556	1.34834343538	0.947244623656
92	0.194119211388	0.154902594834	1.25316952628	0.952368951613
93	0.16302218086	0.181818376023	0.896621037022	0.93934811828
94	0.491206908005	0.202471833071	2.42605057975	0.947244623656
95	0.20620337604	0.209575129154	0.983911482592	0.93405577957
96	0.20337663308	0.171166657373	1.1881790309	0.94438844086
97	0.176817375056	0.138529312668	1.27638960773	0.952452956989
98	0.192102567144	0.162218739639	1.18421932984	0.955141129032
99	0.173512519415	0.325656582582	0.532808267036	0.91313844086
100	0.21223048879	0.181397754936	1.16997307307	0.939180107527
101	0.176059311501	0.156565540773	1.12450869222	0.947244623656
102	0.172679964634	0.15525501166	1.11223439931	0.947244623656
103	0.171772106828	0.245156515505	0.700663029387	0.93153561828
104	0.17995872625	0.157084910258	1.14561434293	0.952536962366
105	0.215840302336	0.157646670746	1.36913961655	0.952536962366
106	0.161181795533	0.283856128387	0.567829190264	0.934223790323
107	0.216962019773	0.161848293127	1.3405270799	0.955057123656
108	0.161334244731	0.143179254319	1.12679902894	0.947244623656
109	0.184931079224	1.91664243719	0.0964870002017	0.823420698925
110	0.618671200433	0.231366983413	2.67398222212	0.936995967742
111	0.206117017141	0.198071158088	1.04062105321	0.942036290323
112	0.354646929582	0.187874075655	1.88768422863	0.939516129032
113	0.199573421368	0.183203558958	1.08935340833	0.933971774194
114	0.17949262566	0.169543972391	1.05867889686	0.936743951613
115	0.178559799621	0.177176182447	1.00780927298	0.960349462366
116	0.172686653813	0.13938860663	1.23888643403	0.957745295699
117	0.153914232628	0.169916763732	0.905821351866	0.944556451613
118	0.180729271606	0.152273325105	1.18687413886	0.955141129032
119	0.134991294409	0.140896597088	0.958087684155	0.962953629032
120	0.191014968126	0.16330113	1.16971002053	0.960517473118
121	0.172360213423	0.157677289346	1.09312009445	0.947244623656
122	0.258274795684	0.188533769276	1.36991265107	0.939516129032
123	0.152188922852	0.190965666051	0.796943900961	0.942036290323
124	0.155334697437	0.186288821056	0.833837997132	0.93934811828
125	0.179779270798	0.172623906562	1.04145059846	0.944640456989
126	0.167587586968	0.151530521454	1.10596588304	0.955057123656
127	0.149070459956	0.527619633415	0.282533951573	0.899949596774
128	0.246946106852	0.174222337335	1.41741931964	0.942036290323
129	0.183144150584	0.155775456415	1.17569323691	0.93934811828
130	0.139274469634	0.14364543765	0.969571132308	0.957829301075
131	0.164325323749	0.136114760112	1.20725572755	0.955225134409
132	0.1568303196	0.132485959515	1.1837504908	0.965725806452
133	0.144217769558	0.180337774118	0.799709158343	0.955141129032
134	0.209182108256	0.224282202462	0.932673685024	0.931451612903
135	0.196640192885	0.137338908055	1.43178794465	0.952620967742
136	0.149426151337	0.130220433457	1.14748620758	0.957913306452
137	0.144449356736	0.397223368123	0.363647681198	0.910366263441
138	0.291814480064	0.221638559729	1.31662324652	0.950016801075
139	0.160285499671	0.126204434022	1.27004649966	0.968329973118
140	0.138059663729	0.453596816143	0.304366474402	0.886844758065
141	0.226320620031	0.256144040239	0.88356777624	0.907930107527
142	0.188127504553	0.155360630521	1.21090847741	0.955225134409
143	0.15430310917	0.163723012352	0.94246439125	0.93934811828
144	0.137039905618	0.129981869783	1.05430015623	0.960349462366
145	0.131617338401	0.138597887017	0.949634523536	0.955225134409
146	0.141201527108	0.123207735626	1.14604433229	0.963037634409
147	0.142954049877	0.139327200469	1.02603116546	0.962869623656
148	0.135881883196	0.113682134061	1.19527913791	0.965725806452
149	0.125084345024	0.112662239459	1.11025970746	0.955225134409
150	0.141557055168	0.556856369054	0.254207481561	0.881384408602
151	0.257792973332	0.162348493879	1.58789876747	0.949932795699
152	0.150937771653	0.147308855188	1.02463474759	0.952536962366
153	0.13090286547	0.135614374832	0.965258038702	0.957829301075
154	0.135639689805	0.152953555909	0.886803114837	0.95497311828
155	0.146767816684	0.555084906505	0.264406066467	0.86811155914
156	0.235520571629	0.163673890399	1.43896238462	0.960517473118
157	0.509535272179	0.185935434208	2.74038821245	0.947412634409
158	0.174544586692	0.688728989258	0.253429998467	0.883988575269
159	0.278738517559	0.153559291469	1.81518496792	0.952620967742
160	0.16836550785	0.144333033914	1.16650709324	0.947328629032
161	0.165686876257	0.198553107958	0.834471330925	0.931283602151
162	0.151523801801	0.162620983831	0.931760454475	0.949764784946
163	0.131801583877	0.148828209386	0.885595442022	0.952368951613
164	0.133542656619	0.166154759013	0.803724536163	0.944472446237
165	0.169510283692	0.140394467883	1.207385777	0.947244623656
166	0.122377683741	0.144893560845	0.844604018475	0.955225134409
167	0.124835757861	0.131235760902	0.951232781393	0.955141129032
168	0.146594587119	0.22944200353	0.638917830491	0.93153561828
169	0.193067034643	0.179517356418	1.07547837432	0.946992607527
170	0.153711459695	0.149147769339	1.03059844862	0.944472446237
171	0.118648028199	0.116942584212	1.01458360099	0.950016801075
172	0.111852581497	0.124083742773	0.901428172599	0.952452956989
173	0.135519741351	0.438645291733	0.308950634841	0.905157930108
174	0.236128910394	0.166316766595	1.41975409472	0.952368951613
175	0.15076577335	0.11883317601	1.26871786492	0.963121639785
176	0.132436561211	0.126658868777	1.04561616956	0.960349462366
177	0.114666855345	0.370026537063	0.309888194113	0.910198252688
178	0.525864802859	1.96430458278	0.267710418979	0.826024865591
179	0.926515784362	0.411466476937	2.25174063088	0.883988575269
180	0.240363600722	0.180797111958	1.32946593073	0.944556451613
181	0.166655666856	0.160269683573	1.03984523548	0.952368951613
182	0.13807138407	0.140275617684	0.984286409495	0.965641801075
183	0.155222674903	0.145868697451	1.06412600932	0.952452956989
184	0.142982080655	0.146905598635	0.973292250152	0.960265456989
185	0.144293457766	0.132088815642	1.09239724093	0.957745295699
186	0.128821607858	0.137342249172	0.937960522957	0.968245967742
187	0.119681309983	0.139239518065	0.859535508637	0.965557795699
188	0.136248939741	0.235545730512	0.578439436984	0.939264112903
189	0.200238407593	0.137622403956	1.45498408571	0.965641801075
190	0.128452703894	0.132669841685	0.96821328994	0.960349462366
191	0.109160296331	0.138743021855	0.786780443959	0.957577284946
192	0.129161174689	0.226057048866	0.571365393545	0.939432123656
193	0.156946267844	0.113712686976	1.38020015196	0.965557795699
194	0.120214946347	0.127353712202	0.943945364988	0.952368951613
195	0.119794907086	0.120058301921	0.997806108939	0.957745295699
196	0.115825644829	0.121778743697	0.951115451777	0.957829301075
197	0.121358558711	0.135783323883	0.893766297961	0.949848790323
198	0.15563258833	0.113297242109	1.37366616727	0.957745295699
199	0.105925238514	0.127974113346	0.827708321195	0.962953629032
200	0.115351710467	0.139501808407	0.826883262551	0.957661290323
201	0.111638415306	0.234615088339	0.475836469412	0.939264112903
202	0.142843919965	0.164734731216	0.867114778472	0.949512768817
203	0.13401045501	0.141529536304	0.946872705933	0.957913306452
204	0.148768203558	0.12959308542	1.14796405283	0.947328629032
205	0.131229352396	0.124288328913	1.05584614054	0.955141129032
206	0.124080132057	0.807286607027	0.153700223659	0.862987231183
207	0.401366342082	0.279082023743	1.43816623048	0.902133736559
208	0.154509831134	0.13198217459	1.17068711448	0.957913306452
209	0.14835850304	0.123592883809	1.20038062442	0.960349462366
210	0.125011193612	0.111246675536	1.12372970257	0.965641801075
211	0.105792476392	0.103450542539	1.02263819788	0.965641801075
212	0.129031543759	0.34511679021	0.373877908638	0.915742607527
213	0.393165897541	0.157038254627	2.50363135069	0.94716061828
214	0.116997944989	0.133251349497	0.878024466021	0.960265456989
215	0.150472925486	0.166381568905	0.904384581037	0.952536962366
216	0.138586279993	0.125385723677	1.10527957992	0.960349462366
217	0.117933837747	0.112281913542	1.05033690668	0.965641801075
218	0.112444155102	0.150891703665	0.745197730363	0.955141129032
219	0.120155723398	0.150705248936	0.797289571838	0.952452956989
220	0.109543602148	0.126558109695	0.865559721244	0.947328629032
221	0.104392764044	0.130003947539	0.802996878331	0.957745295699
222	0.105022917713	0.116828918751	0.898946244098	0.963037634409
223	0.11403701041	0.128872537907	0.884882165446	0.949932795699
224	0.10275681313	0.117366090608	0.875523863817	0.957745295699
225	0.119722190367	0.0985196253983	1.21521158737	0.963121639785
226	0.126040468262	0.121478054566	1.03755751368	0.944556451613
227	0.118787961388	0.783987647818	0.151517644084	0.876092069892
228	0.266078326819	0.189269499293	1.40581724902	0.944472446237
229	0.132278055677	0.114529867141	1.1549655909	0.957745295699
230	0.131378168702	0.112035339227	1.17264935875	0.960349462366
231	0.124390907664	0.110362781877	1.12710920792	0.960433467742
232	0.117817588802	1.41679989357	0.0831575364573	0.844338037634
233	0.989414133459	0.385673308933	2.56542029366	0.891969086022
234	0.227992076059	0.185551008681	1.22872992003	0.947328629032
235	0.157033483003	0.160303951085	0.979598331418	0.944724462366
236	0.151550219255	0.163638536739	0.92612792974	0.947244623656
237	0.130654379228	0.132419779828	0.986668150316	0.955057123656
238	0.102482665175	0.115296359104	0.888862978599	0.957745295699
239	0.141378252751	0.248822146321	0.568189989685	0.939264112903
240	0.140001611409	0.145594741036	0.96158426062	0.939264112903
241	0.127323474809	0.125257475837	1.01649401729	0.955141129032
242	0.136731289545	0.172499729681	0.792646398912	0.944556451613
243	0.120558503386	0.135733630899	0.888199207424	0.93405577957
244	0.122811157729	0.200745759979	0.611774603569	0.947244623656
245	0.147506480741	0.195638574475	0.753974420112	0.931283602151
246	0.126019835368	0.114953237312	1.09627043409	0.960601478495
247	0.1253844362	0.109291276608	1.14725017487	0.957829301075
248	0.11645425774	0.111640604148	1.04311740902	0.960517473118
249	0.104790029568	0.214602115278	0.488299145759	0.942036290323
250	0.155111929434	0.113556370382	1.36594652429	0.960433467742


Confusion Matrix
[[100   1   1]
 [  0  74   3]
 [  0   1  31]]


Report
             precision    recall  f1-score   support

          0       1.00      0.98      0.99       102
          1       0.97      0.96      0.97        77
          2       0.89      0.97      0.93        32

avg / total       0.97      0.97      0.97       211
