epochs: 150
scaler: StandardScaler
test_percent: 0.1
net_name: conv_large_nobug
data_augmentation: True

# Neural Network with 870551 learnable parameters
## Layer information

  #  name     size
---  -------  --------
  0  input    3x32x32
  1  conv1    32x30x30
  2  pool1    32x15x15
  3  conv2    64x14x14
  4  pool2    64x7x7
  5  conv3    128x6x6
  6  pool3    128x3x3
  7  hidden4  500
  8  hidden5  500
  9  output   3 

1	0.970764954895	0.866740355296	1.12001817957	0.668010752688
2	0.833020879997	0.759392383907	1.09695711683	0.688844086022
3	0.724535287784	0.621596526901	1.16560382246	0.783686155914
4	0.598693761918	0.52970075292	1.13024902951	0.826192876344
5	0.518874135366	0.461818363599	1.12354591386	0.847278225806
6	0.479990829341	0.420451280335	1.1416086757	0.855174731183
7	0.451878651584	0.369891199506	1.22165288654	0.876176075269
8	0.381971294172	0.312963762349	1.22049687575	0.894489247312
9	0.357241082326	0.313452390052	1.13969806473	0.876008064516
10	0.431063785379	0.289275575173	1.4901492638	0.897261424731
11	0.312210124071	0.257990370744	1.21016192647	0.892053091398
12	0.282528862539	0.266783779088	1.05901814385	0.894573252688
13	0.282585707901	0.223105235847	1.26660276182	0.920782930108
14	0.309716121453	0.685650204874	0.451711556784	0.805107526882
15	0.339471057587	0.21578415077	1.57319736586	0.925907258065
16	0.236353371136	0.21168480332	1.11653442963	0.915658602151
17	0.231060837588	0.182189527397	1.26824434362	0.931367607527
18	0.20223889144	0.256172396691	0.789464025214	0.894657258065
