epochs: 250
scaler: StandardScaler
test_percent: 0.1
net_name: conv4
data_augmentation: True

# Neural Network with 620051 learnable parameters
## Layer information

  #  name     size
---  -------  --------
  0  input    3x32x32
  1  conv1    32x30x30
  2  pool1    32x15x15
  3  conv2    64x14x14
  4  pool2    64x7x7
  5  conv3    128x6x6
  6  pool3    128x3x3
  7  hidden4  500
  8  output   3 

1	0.978012910177	0.851343538301	1.14878761179	0.641717069892
2	0.841989081975	0.76290106663	1.10366745939	0.691784274194
3	0.743164729997	0.647460403358	1.14781494921	0.776041666667
4	0.624358730866	0.554958553607	1.12505470329	0.812920026882
5	0.52993008248	0.480280847048	1.10337542239	0.847278225806
6	0.478242590697	0.451225601784	1.05987468088	0.857862903226
7	0.421121001466	0.36968488417	1.13913502958	0.873571908602
8	0.375060793245	0.364324968078	1.0294677173	0.873487903226
9	0.36573266678	0.314280724155	1.16371332592	0.891885080645
10	0.312124253921	0.395128594182	0.789930818769	0.870883736559
11	0.31554914298	0.271425671831	1.16256189347	0.923471102151
12	0.259631629746	0.230767093112	1.1250808174	0.910282258065
13	0.249992088792	0.279655553309	0.893928569748	0.881300403226
14	0.228511739223	0.247287380511	0.924073597086	0.899697580645
15	0.215241570673	0.19905339979	1.08132576937	0.931451612903
16	0.225660636613	0.190609966556	1.18388686956	0.939012096774
17	0.231305421728	1.45154084504	0.159351645198	0.760500672043
18	0.505347986957	0.211473732703	2.38964896727	0.944556451613
19	0.227849706249	0.208252045511	1.09410548977	0.92876344086
20	0.199885421095	0.183901595019	1.08691510302	0.947076612903
21	0.192724356572	0.194028158969	0.993280344441	0.947076612903
22	0.17066182268	0.151495563108	1.1265136693	0.952284946237
23	0.186479097868	0.153728379046	1.21304276429	0.946992607527
24	0.155903686122	0.147244274417	1.05880983651	0.952284946237
25	0.152181661176	0.125401622234	1.21355416673	0.954889112903
26	0.160272730216	0.182823613372	0.876652240158	0.915322580645
27	0.162512762151	0.134807322594	1.20551880287	0.960265456989
28	0.141633389056	0.101325373621	1.39780771582	0.960433467742
29	0.114831171082	0.113584931699	1.01097187245	0.965641801075
30	0.126786524694	0.0989274459199	1.28161122037	0.973622311828
31	0.152543164883	0.11279040796	1.35244802853	0.965557795699
32	0.124517310679	0.0942079557795	1.32172818791	0.973622311828
33	0.125211599339	0.125487860386	0.997798503806	0.960265456989
34	0.119586278869	0.102506428718	1.16662223398	0.960433467742
35	0.127434299738	0.098132360899	1.29859608564	0.968161962366
36	0.134058788251	0.0815626872354	1.64362887976	0.970850134409
37	0.126529439254	0.125127694895	1.01120251084	0.957745295699
38	0.1107750382	0.0901740911141	1.22845749629	0.970934139785
39	0.126482551366	0.0892530094397	1.41712365959	0.968245967742
40	0.102529080925	0.082040451871	1.24973813023	0.968329973118
41	0.103029877799	0.0954598720927	1.0793003965	0.973622311828
42	0.109700217826	0.0872621270758	1.25713435487	0.970850134409
43	0.110201305447	0.0960320302184	1.14754738806	0.965725806452
44	0.103021336273	0.0850296331991	1.21159332808	0.976226478495
45	0.102271998475	0.073450421411	1.39239498577	0.976226478495
46	0.0988248939311	0.0671216337941	1.47232551333	0.981518817204
47	0.0998580077559	0.0679932399972	1.46864611482	0.981518817204
48	0.106478349336	0.0744756254791	1.42970735258	0.976142473118
49	0.090803307851	0.0737719823604	1.23086441418	0.978746639785
50	0.0991233658298	0.0862696727998	1.1489943408	0.973538306452
51	0.103166382187	0.0806472162324	1.27923054269	0.968329973118
52	0.124884200668	0.108736580101	1.14850219266	0.963037634409
53	0.342806431487	0.125061836584	2.74109545206	0.960265456989
54	0.119347079955	0.0991973072759	1.20312822225	0.965641801075
55	0.109610765577	0.111109780112	0.986508707576	0.963037634409
56	0.112960887028	0.0861293781125	1.3115256316	0.973538306452
57	0.103805321291	0.0921120398555	1.12694628687	0.970934139785
58	0.0964866148847	0.0936603458114	1.03017572751	0.962953629032
59	0.100307257263	0.0745864912083	1.34484483232	0.973454301075
60	0.0954502038887	0.0772887787883	1.23498139556	0.968245967742
61	0.0882076602243	0.0769517922314	1.14627168083	0.973622311828
62	0.0912849264187	0.066029490719	1.38248721026	0.981434811828
63	0.0824617662373	0.0715851983866	1.15193878198	0.968245967742
64	0.0763795660073	0.0879202671323	0.868736737257	0.968329973118
65	0.0798080248604	0.0800105349049	0.997468957746	0.973538306452
66	0.0657888225377	0.0749483672556	0.877788602296	0.981434811828
67	0.0812649510344	0.0799965079123	1.01585623117	0.970934139785
68	0.0798150138346	0.0720052738478	1.10846066641	0.970934139785
69	0.0779297229304	0.0620162561737	1.25660153867	0.978746639785
70	0.0708529610483	0.0981894943594	0.721594112594	0.965641801075
71	0.0679906109145	0.064488446956	1.05430684291	0.976142473118
72	0.0746506571894	0.0879477195864	0.848807195235	0.973622311828
73	0.0793326245059	0.065393301745	1.2131613237	0.978830645161
74	0.070772040145	0.0721273280468	0.981209786381	0.976310483871
75	0.0855826629132	0.0757109921758	1.13038622865	0.970934139785
76	0.0674760850649	0.0632726315961	1.06643399149	0.973538306452
77	0.0787615904505	0.0888410017376	0.886545501627	0.960181451613
78	0.0766372541542	0.0647719049665	1.18318666394	0.976142473118
79	0.0659582864705	0.0637870344937	1.03403908011	0.981434811828
80	0.0714479596302	0.0618101542526	1.1559259234	0.981350806452
81	0.0684039006569	0.0695849818907	0.983026779605	0.970934139785
82	0.068750265053	0.0616578478196	1.1150286214	0.978830645161
83	0.0737133937267	0.0680345186471	1.08347049693	0.970850134409
84	0.0727967748287	0.0628242921113	1.15873609367	0.973370295699
85	0.0771950891934	0.0584643057112	1.32037981559	0.976142473118
86	0.0578565470899	0.06064622495	0.954000799517	0.976058467742
87	0.0685934982439	0.0612414187518	1.12005077025	0.973454301075
88	0.0702212650165	0.0631127402769	1.11263216758	0.973454301075
89	0.0565020083146	0.0613054610642	0.921647229036	0.981518817204
90	0.0556923725674	0.0642437461011	0.86689173573	0.978746639785
91	0.0535628315196	0.0655247297031	0.817444524567	0.973538306452
92	0.0645238941816	0.0569531652533	1.13292902852	0.976058467742
93	0.0431238929365	0.0549511440891	0.784767881568	0.978830645161
94	0.0535397079934	0.0892309616939	0.600012674716	0.970934139785
95	0.071195296013	0.0652852604407	1.09052633829	0.981434811828
96	0.0591286983973	0.0601383844495	0.983210622276	0.976226478495
97	0.0573104680268	0.0634913167853	0.902650487162	0.973538306452
98	0.0668630474588	0.0606841425737	1.10182074959	0.968161962366
99	0.0783647188065	0.0621823628383	1.26024028727	0.978914650538
100	0.0532730802985	0.0579760562944	0.918880719102	0.981434811828
101	0.0479426237475	0.0515119292767	0.930709146808	0.978746639785
102	0.0666560142389	0.0603174257204	1.10508718571	0.976226478495
103	0.0660151021013	0.0489024682691	1.3499339489	0.986727150538
104	0.0521807805023	0.0573546575007	0.909791510858	0.981518817204
105	0.0591675525875	0.0736829413364	0.803002045173	0.968077956989
106	0.0619134705206	0.0575229613365	1.0763262023	0.981350806452
107	0.0495028828839	0.0661283784463	0.748587581413	0.976058467742
108	0.0690333494053	0.0530184398368	1.30206301087	0.984122983871
109	0.0569050290802	0.0724443966472	0.785499385927	0.973622311828
110	0.0602879143751	0.0575673006897	1.04725970565	0.981434811828
111	0.0584686667119	0.0597497650756	0.9785589389	0.981350806452
112	0.054761647276	0.0675077150073	0.811190947139	0.970766129032
113	0.0456648991181	0.0792231477933	0.576408542074	0.978830645161
114	0.0557150482867	0.0662950676521	0.8404101581	0.976058467742
115	0.051270971994	0.0655736531663	0.781883721865	0.976142473118
116	0.0605186722616	0.0708659978338	0.853987442659	0.981518817204
117	0.0569012885147	0.0655893240446	0.867538876845	0.976142473118
118	0.0489864584383	0.0764601226928	0.640679830389	0.968077956989
119	0.0508600070377	0.0677156447004	0.751082076567	0.973454301075
120	0.0711578653783	0.0707863620903	1.00524823253	0.970934139785
121	0.0525873684738	0.0607316798834	0.865896819828	0.973454301075
122	0.0529607246528	0.0622869462234	0.850270046357	0.976142473118
123	0.0493108013997	0.0823223858061	0.598996262278	0.968161962366
124	0.0522237764009	0.0882859613996	0.5915297922	0.962953629032
125	0.0530454205305	0.0565314021579	0.938335482681	0.978830645161
126	0.0517563944909	0.0499459171827	1.03624875486	0.984038978495
127	0.0470887456887	0.0657048409682	0.716670872265	0.976142473118
128	0.0483288941132	0.0627561748272	0.770105798294	0.978830645161
129	0.04610895838	0.0568337405135	0.811295507975	0.976058467742
130	0.0403916721141	0.0589827103118	0.684805291255	0.984122983871
131	0.0429201491506	0.0531788888837	0.807089994763	0.976142473118
132	0.040447915719	0.0524217943369	0.771585868638	0.978746639785
133	0.0468494415593	0.0654608462735	0.715686463378	0.978662634409
134	0.0474300407033	0.0801814736931	0.591533661314	0.973454301075
135	0.0577812919273	0.0687498083672	0.840457497986	0.978830645161
136	0.0605043540477	0.0745928663605	0.811127886616	0.973454301075
137	0.052834821823	0.0583024020883	0.90622032593	0.981350806452
138	0.0587039457469	0.0573454290293	1.0236900611	0.973454301075
139	0.038550483565	0.0690718881111	0.558121178084	0.978746639785
140	0.0467148801152	0.0775457547045	0.602416989727	0.973538306452
141	0.0487914908436	0.0628792600197	0.775955232747	0.978662634409
142	0.0440204744857	0.0612050791677	0.71922910785	0.978746639785
143	0.0386967974305	0.0775682803522	0.498873988889	0.970850134409
144	0.0389348289817	0.0703237607411	0.553651121205	0.978746639785
145	0.0375297540266	0.0742309890005	0.50558068176	0.973454301075
146	0.0452083228552	0.065561836675	0.689552415673	0.976142473118
147	0.0346123563121	0.0798308421395	0.433571228668	0.973454301075
148	0.0422094934646	0.0774439066503	0.545033112226	0.970850134409
149	0.0453390060068	0.0607793762526	0.745960370147	0.978746639785
150	0.0440796428012	0.0849789817494	0.518712296779	0.970850134409
151	0.0442777463314	0.0838521106493	0.528045698416	0.968077956989
152	0.0388780005363	0.0799542982189	0.486252789435	0.973454301075
153	0.0386780154563	0.07453614768	0.518916212606	0.976142473118
154	0.0549286747302	0.063607906989	0.863551047823	0.978830645161
155	0.053856452739	0.0753199605678	0.715035593926	0.973370295699
156	0.0401895523226	0.0938989988403	0.428008315519	0.970934139785
157	0.0515189178152	0.0727967857961	0.70770868867	0.973538306452
158	0.0400263609861	0.0731308934495	0.547324927922	0.978830645161
159	0.0414889132061	0.0869952814086	0.476909925852	0.976226478495
160	0.0410377048804	0.0686645891807	0.597654560671	0.978830645161
161	0.0467623425861	0.0692982149895	0.67479865958	0.973538306452
162	0.0514213107592	0.100608987871	0.511100567129	0.970934139785
163	0.0425457217299	0.0592176850547	0.718463102544	0.976058467742
164	0.0400221758299	0.0506259538669	0.790546602542	0.984038978495
165	0.0367919102646	0.0731843858253	0.502728961235	0.981518817204
166	0.04193335199	0.0521366549616	0.804296938899	0.976142473118
167	0.0386054395282	0.0612359807941	0.630437187868	0.981518817204
168	0.0360142588685	0.0464611262576	0.77514821033	0.984038978495
169	0.0350398393916	0.0564323532955	0.620917564932	0.981434811828
170	0.0320983683926	0.0682175192781	0.470529692846	0.973370295699
171	0.0363483461925	0.0555804512528	0.653977169547	0.981518817204
172	0.0369112151407	0.0561718883294	0.657111879954	0.981518817204
173	0.0300928974356	0.0586900452283	0.512742788297	0.978830645161
174	0.0308517334203	0.0549657595445	0.561290040855	0.978746639785
175	0.0348807602036	0.059736775084	0.583907654112	0.978746639785
176	0.0362844520662	0.0652079741611	0.556441946449	0.973454301075
177	0.0448573847595	0.0562785479183	0.797060095165	0.978914650538
178	0.0392983516738	0.0602130143507	0.652655444966	0.984122983871
179	0.0391838918931	0.0553406023959	0.708049609089	0.984122983871
180	0.0324599581421	0.0741038406296	0.438033411849	0.976142473118
181	0.0296897985332	0.061979900453	0.479023010946	0.981518817204
182	0.0295343242014	0.0764787489694	0.386176873961	0.978830645161
183	0.0338027872307	0.0737127251849	0.458574651064	0.984122983871
184	0.0330407836235	0.071615823389	0.461361498898	0.981518817204
185	0.0305757560082	0.0613635337781	0.498272412387	0.986727150538
186	0.0300904071463	0.0617248267626	0.487492775994	0.981434811828
187	0.027610289333	0.0585030381759	0.471946247475	0.981350806452
188	0.0390183014383	0.0577701947482	0.67540539907	0.981434811828
189	0.0339037117082	0.0549597584364	0.616882473153	0.978746639785
190	0.03143127593	0.0740637503466	0.424381371223	0.978914650538
191	0.0231009107309	0.0679457291316	0.339990622311	0.981518817204
192	0.0261651630092	0.0698205453295	0.374748763215	0.981434811828
193	0.0431744712767	0.0482982490166	0.893913799274	0.986727150538
194	0.0291303023599	0.0626649319509	0.464858118456	0.978830645161
195	0.0252761986956	0.0594524283074	0.425149979827	0.984122983871
196	0.0353107459916	0.0679861546251	0.519381426797	0.978746639785
197	0.0311680282156	0.0597274021859	0.521838001904	0.986727150538
198	0.0452720978309	0.0798311638042	0.567098056367	0.978914650538
199	0.0451991620466	0.0854966239076	0.528666045287	0.970850134409
200	0.0372797140261	0.060912118163	0.612024588052	0.981518817204
201	0.0378556150208	0.0731784882073	0.517305234752	0.976058467742
202	0.0261970143602	0.0886188548948	0.295614453508	0.970850134409
203	0.0283266742267	0.0865729289033	0.327200137336	0.970850134409
204	0.0308480320879	0.0647842993241	0.476165250064	0.978830645161
205	0.0222164502733	0.0832466436971	0.266875026868	0.976142473118
206	0.034046228862	0.0637926709693	0.533701259795	0.984038978495
207	0.0248811817313	0.0728027065844	0.34176176819	0.981518817204
208	0.0407733355536	0.057785145701	0.705602366473	0.984038978495
209	0.0231502637368	0.077953204048	0.296976423478	0.976226478495
210	0.0460446611829	0.0762010326319	0.604252456857	0.978830645161
211	0.0323928071568	0.0787701611943	0.411231952121	0.973454301075
212	0.0435987129793	0.0576536004167	0.756218391639	0.981434811828
213	0.0322520660117	0.0984039059756	0.327751888423	0.971018145161
214	0.0319592515883	0.0860643567122	0.371341317232	0.978914650538
215	0.030221249718	0.0854800004438	0.353547608342	0.968329973118
216	0.032304807854	0.0599241604342	0.539094876256	0.978662634409
217	0.0371756179129	0.053366227529	0.69661318842	0.984038978495
218	0.0266644597821	0.0599854947374	0.444515126512	0.978746639785
219	0.0412097764206	0.075769998265	0.54387986491	0.976058467742
220	0.0265447845503	0.0670911792138	0.395652377277	0.978914650538
221	0.0316455691165	0.0526822076901	0.600687983743	0.986727150538
222	0.0360448144781	0.0757409010118	0.475896299048	0.981434811828
223	0.0276385489678	0.0636464564295	0.434251182521	0.981434811828
224	0.0281470959545	0.0725843595408	0.387784587927	0.981350806452
225	0.0313322046626	0.0738368051905	0.424343991886	0.978746639785
226	0.02485475079	0.0679305763638	0.365884585711	0.984122983871
227	0.0246601461244	0.0487037345813	0.506329675462	0.984122983871
228	0.01867593107	0.0765106429865	0.244095858315	0.978830645161
229	0.0351047561684	0.0774842380379	0.453056738471	0.978830645161
230	0.0234191149392	0.0649100423942	0.360793400765	0.984122983871
231	0.0254191256414	0.0787980689379	0.322585641806	0.984122983871
232	0.0217102881204	0.0573427661386	0.378605525724	0.986727150538
233	0.028028072715	0.0642312601863	0.436361868561	0.968245967742
234	0.0288897354679	0.0738806342577	0.391032585983	0.978662634409
235	0.0236836961289	0.0675766632086	0.350471523813	0.978830645161
236	0.0307843806202	0.103431712735	0.297629999603	0.968245967742
237	0.0368028494952	0.0411953481888	0.893373915099	0.989415322581
238	0.0208459367723	0.0483998448077	0.430702554009	0.978830645161
239	0.0243817948847	0.051280368224	0.475460604693	0.984206989247
240	0.0244104705817	0.0596794824001	0.409026177841	0.984206989247
241	0.0230924874877	0.0880182291462	0.26236028277	0.976142473118
242	0.0243003079079	0.0467116810145	0.520219083967	0.989415322581
243	0.0231908953126	0.060319232401	0.384469337382	0.984206989247
244	0.0278283651447	0.0623943877367	0.446007504106	0.984206989247
245	0.0193728585993	0.0598539081138	0.323669067063	0.984122983871
246	0.0312602964394	0.0479662395892	0.651714553967	0.989415322581
247	0.0179459372168	0.0549864000573	0.326370469754	0.984122983871
248	0.0382471859173	0.0683477234541	0.55959707192	0.981434811828
249	0.0319224433335	0.0508518238473	0.627754147606	0.986811155914
250	0.0230752233214	0.0551620794287	0.418316777764	0.981434811828


Confusion Matrix
[[101   0   1]
 [  0  73   4]
 [  0   0  32]]


Report
             precision    recall  f1-score   support

          0       1.00      0.99      1.00       102
          1       1.00      0.95      0.97        77
          2       0.86      1.00      0.93        32

avg / total       0.98      0.98      0.98       211
