epochs: 250
scaler: StandardScaler
test_percent: 0.1
net_name: conv3
data_augmentation: True

# Neural Network with 45507 learnable parameters
## Layer information

  #  name    size
---  ------  --------
  0  input   3x32x32
  1  conv1   32x30x30
  2  pool1   32x15x15
  3  conv2   64x14x14
  4  pool2   64x7x7
  5  conv3   128x6x6
  6  pool3   128x3x3
  7  output  3 

1	0.981050992845	0.849895971795	1.15431891126	0.641717069892
2	0.833875681171	0.784781171668	1.0625582153	0.691700268817
3	0.760798525317	0.699577179788	1.08751192477	0.741935483871
4	0.664549277695	0.609614957177	1.09011314416	0.807879704301
5	0.571209393278	0.537506868705	1.06270157004	0.844506048387
6	0.516552118394	0.480073938536	1.07598450349	0.836525537634
7	0.462110908285	0.430124304054	1.07436595405	0.85500672043
8	0.414304635291	0.385475112175	1.07478958357	0.886592741935
9	0.431881010652	0.342286126788	1.2617543536	0.876176075269
10	0.369359163192	0.343854593204	1.07417254413	0.894489247312
11	0.335135829906	0.348430359126	0.961844515349	0.889196908602
12	0.406385666727	0.28884481368	1.40693426878	0.899697580645
13	0.31213575901	0.261639693783	1.19299848772	0.915322580645
14	0.297061833359	0.297782127479	0.997581137167	0.899697580645
15	0.33498876222	0.281388548825	1.19048470032	0.905073924731
16	0.279097607349	0.21954797836	1.27123742807	0.925991263441
17	0.26720102648	0.263686953252	1.013326686	0.912886424731
18	0.26416579881	0.209102019726	1.26333451564	0.926075268817
19	0.226710714647	0.218105878509	1.03945256403	0.931367607527
20	0.222322326274	0.18033356592	1.2328394059	0.93657594086
21	0.214314722204	0.199461402876	1.07446713557	0.923471102151
22	0.233446814329	0.169709172354	1.37556981211	0.94968077957
23	0.203565406006	0.187391296219	1.08631195852	0.931367607527
24	0.177314098171	0.147587043094	1.20142049366	0.944472446237
25	0.205295276585	0.152519373301	1.34602753829	0.949764784946
26	0.196728085643	0.154582920576	1.2726379144	0.94968077957
27	0.177758616556	0.152472070547	1.16584378974	0.944472446237
28	0.18646406904	0.178180167168	1.0464917168	0.941784274194
29	0.148823110167	0.139224766815	1.06894134982	0.95497311828
30	0.141732132226	0.151137929514	0.937766798059	0.94968077957
31	0.143629782744	0.120813058882	1.18885974805	0.95497311828
32	0.142934946177	0.102666469245	1.39222617889	0.96278561828
33	0.1354478631	0.139345448672	0.972029329916	0.944556451613
34	0.144491105563	0.135779325083	1.06416131819	0.95497311828
35	0.125165163335	0.110569563583	1.13200377463	0.960265456989
36	0.127784074329	0.104013907265	1.22852873899	0.968077956989
37	0.128911914548	0.105978084341	1.2164016301	0.960265456989
38	0.138438855186	0.177601411337	0.779491864081	0.931451612903
39	0.133933542637	0.135469072911	0.988665086126	0.95497311828
40	0.1188616439	0.12694149534	0.936349800997	0.94716061828
41	0.107686042859	0.11083826724	0.97156014381	0.957661290323
42	0.128661111651	0.264559588537	0.486321861787	0.931619623656
43	0.299031924947	0.150955080478	1.98093316237	0.95497311828
44	0.142593848649	0.105450437698	1.35223572098	0.965473790323
45	0.124302686211	0.117575310642	1.05721758703	0.962869623656
46	0.12655033983	0.109432009894	1.15642890916	0.960265456989
47	0.10708677416	0.0982048417685	1.09044291739	0.965557795699
48	0.115932237247	0.109754977278	1.05628227641	0.957661290323
49	0.119372947598	0.0966170332535	1.23552694155	0.965557795699
50	0.104644066893	0.0964405774274	1.08506263323	0.965557795699
51	0.116379767988	0.0914872829274	1.27208683288	0.965557795699
52	0.108411699643	0.0948323243699	1.14319352988	0.968161962366
53	0.0994615731442	0.0926299043618	1.0737523031	0.965557795699
54	0.0896767949136	0.0835745079589	1.07301612781	0.973454301075
55	0.0968943266256	0.0812327117509	1.19279936047	0.970934139785
56	0.102585132991	0.0935319118751	1.09679285855	0.965641801075
57	0.0871221728419	0.0850718816501	1.0241006917	0.965557795699
58	0.08981362872	0.0810157769702	1.10859430198	0.973538306452
59	0.0986362878378	0.0850149155978	1.16022332251	0.970850134409
60	0.0853364809185	0.079164623992	1.07796230962	0.970850134409
61	0.10132433131	0.0932088835977	1.08706732019	0.970934139785
62	0.0913323072405	0.0820812276474	1.11270639899	0.968245967742
63	0.097792309023	0.0813033154703	1.2028083782	0.968329973118
64	0.0886969062313	0.0712823327462	1.24430420294	0.978830645161
65	0.0953551910503	0.0745018410248	1.27990382169	0.978914650538
66	0.10052911216	0.0785236740943	1.28023953692	0.976310483871
67	0.103701085872	0.118890405259	0.872240999144	0.973538306452
68	0.0891351838012	0.0888246428139	1.00349611299	0.973538306452
69	0.0859315232968	0.0962330178768	0.892952597692	0.968329973118
70	0.074238832769	0.0816527850724	0.909201476755	0.970934139785
71	0.0939607594203	0.104166658519	0.902023360989	0.957745295699
72	0.0808126535143	0.0907076860999	0.890912964368	0.968245967742
73	0.0763641940987	0.088446205677	0.863397061685	0.971018145161
74	0.0854117772327	0.0811544418057	1.05245967235	0.971018145161
75	0.0920668317264	0.0952594400165	0.966485124314	0.968329973118
76	0.0872946447687	0.0724507297002	1.20488289255	0.978830645161
77	0.0845278661622	0.0699722428494	1.2080199622	0.976226478495
78	0.0802963406552	0.0724543545183	1.10823346904	0.973538306452
79	0.0886768170249	0.098271293021	0.902367459497	0.968413978495
80	0.0802428262284	0.0641694438203	1.25048343029	0.976226478495
81	0.0897064184738	0.0750130619484	1.19587730648	0.978914650538
82	0.0835761197733	0.0775149606916	1.07819340973	0.976310483871
83	0.0849048029921	0.147690085115	0.57488492153	0.944724462366
84	0.078140512466	0.0717424143602	1.08918152759	0.976226478495
85	0.0812856047497	0.0803328206426	1.01186045877	0.970850134409
86	0.0811307551326	0.0693977479192	1.16906899093	0.976310483871
87	0.0673595448171	0.0733165621325	0.918749363825	0.976226478495
88	0.0696988629031	0.0695635656559	1.00194494411	0.978830645161
89	0.0894776995222	0.07405903518	1.20819423727	0.978830645161
90	0.114543381732	0.0748018490874	1.53129077863	0.973622311828
91	0.076581923732	0.0647423970698	1.18287130533	0.981518817204
92	0.075812021716	0.0762370362219	0.994425091438	0.976226478495
93	0.0824748036145	0.0723111572461	1.14055433152	0.973622311828
94	0.0654851077798	0.0818885994381	0.799685282556	0.970934139785
95	0.0791917560092	0.0673608917712	1.17563402038	0.978830645161
96	0.0923326096468	0.114365377887	0.80734756753	0.973706317204
97	0.110536520184	0.0821282776186	1.3459008686	0.978914650538
98	0.0808856338337	0.0759843986994	1.06450317721	0.978914650538
99	0.0643122053109	0.0563430860495	1.14143916885	0.981434811828
100	0.0769676964472	0.062129384989	1.23882920233	0.978914650538
101	0.078844843685	0.0896943808175	0.879038831267	0.970934139785
102	0.0897908087171	0.066939678165	1.34136899338	0.978914650538
103	0.066043776184	0.0737188676704	0.895887013339	0.976226478495
104	0.0731694794925	0.0672506382926	1.0880116732	0.981518817204
105	0.0890258605496	0.0841194736022	1.05832641049	0.968329973118
106	0.0883863933305	0.0703320066382	1.25670228329	0.978830645161
107	0.0700904875839	0.0659343794355	1.0630340072	0.976226478495
108	0.0771175587427	0.0759336171577	1.01559179754	0.976310483871
109	0.0738158632239	0.0638566323583	1.15596235658	0.978914650538
110	0.0733206108273	0.0820557728716	0.89354603901	0.973790322581
111	0.0704925184937	0.0774139230354	0.910592251751	0.976226478495
112	0.0710340604644	0.0976820752642	0.727196471536	0.960433467742
113	0.0791514184171	0.0648651302653	1.22024604118	0.978914650538
114	0.0673971032903	0.0642916409749	1.0483027384	0.981518817204
115	0.0659675728434	0.0686658703334	0.960703949766	0.981518817204
116	0.0627730577479	0.0662005802611	0.948225189271	0.978914650538
117	0.061869238468	0.0703274456199	0.87973106264	0.973706317204
118	0.0653431373666	0.0627197058764	1.04182786659	0.978914650538
119	0.0723925569959	0.0658757705136	1.09892539292	0.978914650538
120	0.0649911905486	0.09775687797	0.664824735591	0.965641801075
121	0.0664502841887	0.0752056126484	0.883581448893	0.978914650538
122	0.100954386358	0.0689686871307	1.46377132229	0.976226478495
123	0.0713388439195	0.0677701479662	1.05265881897	0.978830645161
124	0.062379359639	0.070884140825	0.880018561459	0.976226478495
125	0.0590228923666	0.076548242843	0.771054829928	0.976226478495
126	0.0633058622218	0.0695413184438	0.910334512467	0.973706317204
127	0.0583896385827	0.0577755669869	1.01062856892	0.981518817204
128	0.0518800364334	0.0709912890986	0.730794398752	0.973622311828
129	0.0690958325317	0.0678355978602	1.01857777791	0.978830645161
130	0.0635927767826	0.0624487255854	1.01831984859	0.984122983871
131	0.0621889695338	0.0640531474297	0.970896388848	0.978830645161
132	0.0593811261734	0.066602535609	0.891574556892	0.978914650538
133	0.0594176109753	0.0585012229816	1.01566442455	0.978914650538
134	0.0626853095325	0.0602824578089	1.03985988314	0.984122983871
135	0.0705475563591	0.0741171026625	0.951839100893	0.976310483871
136	0.0703000986743	0.116828348179	0.60173836034	0.957829301075
137	0.0599998286344	0.0711851881571	0.842869565814	0.973538306452
138	0.0563675695855	0.0675337228911	0.834658111124	0.978830645161
139	0.0556005967571	0.081435280284	0.682758094075	0.968413978495
140	0.0675409806016	0.0661643144305	1.02080677753	0.978830645161
141	0.0595565178335	0.0929882845348	0.640473347062	0.965725806452
142	0.04732497165	0.0873220959115	0.541958723688	0.976310483871
143	0.0617985816404	0.0576352912983	1.07223508806	0.981518817204
144	0.0477675471876	0.0599373567004	0.796957854288	0.984122983871
145	0.0451687823081	0.0615958275076	0.733309123942	0.978914650538
146	0.0689324040391	0.0720946335161	0.956137796632	0.978914650538
147	0.0606810216493	0.067121446243	0.904048184981	0.978914650538
148	0.052050799128	0.053230171773	0.977843906833	0.981518817204
149	0.0492611442205	0.061505686296	0.800920161812	0.978914650538
150	0.0599469673466	0.0714498096953	0.83900807577	0.978914650538
151	0.0562840404744	0.0776007968052	0.725302352445	0.976310483871
152	0.0636076527163	0.0617075180053	1.03079259663	0.981434811828
153	0.0495710759	0.0637827397345	0.777186369014	0.976226478495
154	0.0524546577784	0.0640218512113	0.819324289847	0.978830645161
155	0.0527900695475	0.055675518084	0.948173835902	0.984206989247
156	0.0566255474182	0.057522201834	0.98441202897	0.984122983871
157	0.0506313640189	0.0618905230265	0.818079433538	0.984206989247
158	0.0518659530124	0.0664801716766	0.780171767075	0.978830645161
159	0.0530617770384	0.0655711945333	0.809223888875	0.973538306452
160	0.0657168158554	0.0970178317411	0.677368424711	0.970850134409
161	0.0603101292292	0.104399349663	0.577686828739	0.968161962366
162	0.0531909475807	0.0579513526932	0.917855151066	0.984206989247
163	0.0557468893657	0.0791074021729	0.704698774507	0.973538306452
164	0.0537849215672	0.0619006279515	0.868891372303	0.976310483871
165	0.0493733601059	0.0545514243361	0.905079211163	0.981518817204
166	0.0607995620884	0.0738431917121	0.823360430104	0.973538306452
167	0.0535679549012	0.0684879533171	0.78215149244	0.976226478495
168	0.0537299001482	0.0731230147397	0.734787813925	0.973538306452
169	0.0429232807056	0.0638164508076	0.672605263414	0.978830645161
170	0.0610688565832	0.0675120324627	0.904562555081	0.981602822581
171	0.0525636605218	0.0748385766075	0.702360505832	0.981518817204
172	0.0553414074688	0.0630238740506	0.878102279534	0.973622311828
173	0.0568605984614	0.0622425881221	0.913532039345	0.981518817204
174	0.0514815496196	0.0950453936097	0.541652232312	0.968329973118
175	0.068466342908	0.0923243378713	0.741584987086	0.970850134409
176	0.0462627032287	0.0629188524131	0.735275699641	0.978830645161
177	0.0592905530663	0.0695313788375	0.852716486536	0.978830645161
178	0.0538218686567	0.0646216816267	0.832876324198	0.976310483871
179	0.04304479244	0.0767177241014	0.561080153826	0.973622311828
180	0.0600011373738	0.0609857014931	0.983855820377	0.978998655914
181	0.0533913562724	0.0656572791506	0.813182589396	0.978830645161
182	0.0536599427061	0.0587859469966	0.912802216305	0.984206989247
183	0.05968732486	0.0617544388884	0.966526875386	0.984206989247
184	0.0552899582381	0.071849431354	0.769525342041	0.976226478495
185	0.0505631944154	0.0661070205012	0.764868754212	0.978830645161
186	0.0489734250794	0.0551929787083	0.887312593476	0.984206989247
187	0.0684148298444	0.0878588056791	0.77869064251	0.965557795699
188	0.0672006851246	0.0576097576599	1.16648095487	0.986811155914
189	0.0552480188523	0.0685318458564	0.806165632369	0.978830645161
190	0.0416223717997	0.0537592473831	0.774236504895	0.984122983871
191	0.0498008192706	0.0536409660781	0.928410185568	0.981518817204
192	0.0448543694401	0.0665010559077	0.674491086313	0.978914650538
193	0.0390723757375	0.0622015266124	0.628157826109	0.981518817204
194	0.0691331716905	0.0652475467647	1.0595520463	0.984122983871
195	0.0506659826743	0.0595848099999	0.850317097166	0.986811155914
196	0.0492705591915	0.0642698364323	0.7666202674	0.984122983871
197	0.0473357435541	0.059693609442	0.792978410864	0.984122983871
198	0.05123251621	0.0610948680586	0.838573154144	0.978746639785
199	0.0462053185462	0.0593637504966	0.778342307546	0.981518817204
200	0.0510065930488	0.0522548374757	0.976112366103	0.981518817204
201	0.0617796943033	0.0608778159418	1.014814565	0.976226478495
202	0.0479444545413	0.0639725437279	0.749453620998	0.973622311828
203	0.0467284726162	0.0652893861787	0.715713155708	0.986811155914
204	0.0561203982101	0.0530593271851	1.05769147834	0.984206989247
205	0.0458965306208	0.0543919969503	0.843810361711	0.978914650538
206	0.038981383757	0.0531486377143	0.733440882654	0.981518817204
207	0.0394259413658	0.059922412728	0.657949831639	0.984206989247
208	0.0488758636761	0.072191174585	0.677033778119	0.976226478495
209	0.0407942010577	0.055909532201	0.729646617523	0.981518817204
210	0.0539721591909	0.0639815024649	0.843558796083	0.978830645161
211	0.0533362395467	0.0929862165017	0.573592964133	0.971102150538
212	0.0430610180656	0.0705887967741	0.610026236932	0.976226478495
213	0.0512459824711	0.0567940046412	0.902313242302	0.978830645161
214	0.0405700248099	0.0636916443082	0.63697562295	0.978746639785
215	0.0389498325815	0.0683831530076	0.569582285525	0.973622311828
216	0.0423158800207	0.0577575802095	0.732646344726	0.976226478495
217	0.0382061246672	0.0576133239147	0.663147377571	0.981434811828
218	0.0371014493577	0.0668159950588	0.555277958893	0.978830645161
219	0.0373366993486	0.0568304510518	0.656984040379	0.981434811828
220	0.0486394468031	0.0608275580797	0.799628463456	0.984206989247
221	0.0416644876465	0.0714064868975	0.583483230401	0.981518817204
222	0.0410740215492	0.0587334281325	0.699329544609	0.978998655914
223	0.0571914182812	0.061003528692	0.937510001593	0.981434811828
224	0.0431066251684	0.0544731851221	0.791336601151	0.978830645161
225	0.0472421089237	0.107407652101	0.439839322429	0.960433467742
226	0.0473966578146	0.0620054533136	0.764394989177	0.978830645161
227	0.0468159301054	0.0823270792379	0.568657731317	0.973622311828
228	0.0410027222706	0.0844379759978	0.485595749852	0.978830645161
229	0.0355589715401	0.0596731125537	0.595896041255	0.981434811828
230	0.0360157049549	0.0744198723254	0.483952791499	0.981434811828
231	0.0460680547771	0.068999981581	0.667653146008	0.981434811828
232	0.0483174230071	0.0718204944972	0.672752580519	0.981686827957
233	0.046518624425	0.06434988774	0.722901407582	0.976226478495
234	0.0399425185804	0.0505129963932	0.790737462285	0.981518817204
235	0.0497396680579	0.0511382148911	0.972651629782	0.984206989247
236	0.0328951250133	0.0653933285872	0.503034877165	0.981518817204
237	0.0455303804933	0.0887077150356	0.513262916028	0.968329973118
238	0.0380130456118	0.0546742248722	0.695264463295	0.984206989247
239	0.0329065877987	0.0596011078729	0.552113693404	0.986811155914
240	0.0478846625249	0.055308529625	0.865773558792	0.98689516129
241	0.0367354764011	0.0784347680733	0.468357047564	0.978830645161
242	0.03058247849	0.0668593725161	0.457414979218	0.978746639785
243	0.0407959305675	0.062433776887	0.653427240856	0.976142473118
244	0.0587421519617	0.0577345572883	1.01745219364	0.986811155914
245	0.0359666754603	0.0748105635614	0.48077001092	0.978746639785
246	0.0443624026908	0.065427426754	0.678039851049	0.978914650538
247	0.0470989538418	0.0640202939877	0.735687871893	0.984206989247
248	0.0420732054237	0.0656210334102	0.641154264682	0.973706317204
249	0.0378376927263	0.0513022748053	0.737544151207	0.98689516129
250	0.0474536587125	0.0593298218501	0.799828100485	0.978746639785


Confusion Matrix
[[102   0   0]
 [  0  72   5]
 [  0   0  32]]


Report
             precision    recall  f1-score   support

          0       1.00      1.00      1.00       102
          1       1.00      0.94      0.97        77
          2       0.86      1.00      0.93        32

avg / total       0.98      0.98      0.98       211
