# Neural Network with 14403 learnable parameters
## Layer information

  #  name      size
---  ------  ------
  0  input     4800
  1  output       3 

1	644849.51748	935985.56836	0.688952414737	0.397203947368
2	624298.215787	350471.518184	1.78130941716	0.457853618421
3	568482.850298	1055973.06677	0.538349763062	0.457853618421
4	546931.408453	333517.867564	1.63988637985	0.307771381579
5	493333.246777	268788.826126	1.83539343464	0.448807565789
6	475920.771925	425551.762053	1.11836165271	0.457853618421
7	469986.091906	68654.3857417	6.84568198853	0.476870888158
8	453778.57437	182851.874931	2.48167307303	0.453947368421
9	438858.421912	697210.228929	0.629449201551	0.397203947368
10	581526.402964	384883.585236	1.51091505398	0.493935032895
11	481882.269516	741457.674934	0.649912039226	0.457853618421
12	498934.949042	324761.607094	1.53631136853	0.4296875
13	413899.283288	448795.781361	0.922244148626	0.444078947368
14	513681.553972	469179.93888	1.09484978236	0.451891447368
15	380950.717931	208491.18885	1.82717898072	0.463712993421
16	320401.227749	284811.19508	1.12496009035	0.285773026316
17	351305.4996	288100.140662	1.21938676876	0.463712993421
18	404558.041032	447812.498095	0.903409446481	0.401624177632
19	425269.97244	489413.768893	0.868937491075	0.459806743421
20	395513.360572	739320.813786	0.534968518669	0.457853618421
21	490744.963721	596582.613066	0.822593473181	0.212787828947
22	394036.903729	326740.168147	1.20596407219	0.461759868421
23	381343.350787	440378.396485	0.865944728058	0.306023848684
24	407229.296496	713858.256052	0.570462403487	0.457853618421
25	404807.410602	191661.636149	2.11209409841	0.446648848684
26	369651.909494	238884.529206	1.5474083262	0.463712993421
27	441624.584362	373031.379709	1.18388052154	0.461759868421
28	312352.163343	464212.461966	0.672864666364	0.459806743421
29	426091.169602	278847.469356	1.52804388215	0.480777138158
30	299669.187432	140185.970666	2.137654617	0.503700657895
31	435346.823384	629875.8738	0.691162880644	0.457853618421
32	299505.212568	181436.364391	1.65074522726	0.283819901316
33	306980.621094	150770.385379	2.03608036367	0.472245065789
34	426263.925991	372335.716153	1.14483759548	0.455900493421
35	407742.064868	392855.895467	1.03789218788	0.459806743421
36	376728.248607	294916.786726	1.27740523959	0.457853618421
37	366172.783332	521363.586673	0.702336704541	0.459806743421
38	397466.126177	240004.752662	1.6560760642	0.51953125
39	354087.663466	495111.511475	0.715167503197	0.208881578947
40	350723.969421	440397.977355	0.796379609932	0.199115953947
41	377594.273347	338203.665531	1.11647007951	0.461759868421
42	310145.83384	415745.436233	0.745999370792	0.295538651316
43	378665.709417	471440.522862	0.803209930106	0.4140625
44	395634.963364	114230.094211	3.46349152646	0.530016447368
45	403082.860586	289688.464868	1.39143566096	0.470703125
46	298054.2252	153155.482105	1.94608917097	0.486636513158
47	277728.906953	235482.889732	1.17940164259	0.231805098684
48	426519.649415	346971.234836	1.22926515685	0.465666118421
49	358177.002288	445483.965232	0.804017720595	0.465666118421
50	347902.537258	292126.750185	1.19093009126	0.478104440789
