# Neural Network with 9602 learnable parameters
## Layer information

  #  name      size
---  ------  ------
  0  input     4800
  1  output       2 

1	36792.0789714	16431.8671115	2.23906867806	0.728338068182
2	31575.1631088	11161.3533348	2.82897263097	0.728338068182
3	31276.7612808	16485.2758601	1.89725434662	0.728338068182
4	30896.1268597	26876.4844258	1.14955982971	0.728338068182
5	34219.717386	26035.2511137	1.31436094995	0.728338068182
6	33741.5832105	31032.6165575	1.08729417476	0.728338068182
7	33157.3879159	38822.5656867	0.854075132065	0.728338068182
8	30699.592683	27578.4931327	1.11317150416	0.728338068182
9	29660.3867096	29982.6340028	0.989252202021	0.728338068182
10	29606.6804163	40217.9360799	0.736156135848	0.728338068182
11	28167.8875612	48098.0521904	0.585634683286	0.728338068182
12	31595.7424151	57633.5372254	0.548217998343	0.271661931818
13	24562.5941582	30909.8819444	0.794651826956	0.271661931818
14	27955.2823362	20582.8312659	1.35818449731	0.28515625
15	24905.5963651	38614.1641617	0.644986027946	0.271661931818
16	28226.6757006	29006.2362163	0.973124382294	0.271661931818
17	26519.6731487	28490.9350169	0.930810909959	0.275568181818
18	27629.5865402	19476.2441261	1.41863011992	0.29296875
19	20027.3678203	60257.6060278	0.332362487336	0.271661931818
20	31230.6415964	2904.078694	10.754061748	0.524857954545
21	25902.8166706	25843.0245735	1.00231366483	0.728338068182
22	24258.1974479	27132.9800185	0.894048402769	0.728338068182
23	29344.2266863	35926.8430127	0.816777212401	0.728338068182
24	28137.6119061	36849.8608762	0.763574440638	0.728338068182
25	33062.1732957	35819.2798915	0.923027302499	0.728338068182
26	31894.4382586	37454.9113954	0.851542216236	0.728338068182
27	31902.7414184	37339.6130597	0.854394001549	0.728338068182
28	31805.0644024	36386.8504096	0.87408126959	0.728338068182
29	30926.9218975	34667.5204718	0.892100775498	0.728338068182
30	30646.3001505	34854.6807905	0.879259240236	0.728338068182
31	29832.6102941	34593.6461166	0.862372534929	0.728338068182
32	30240.227224	33265.1125625	0.90906733495	0.728338068182
33	29433.092455	33755.668325	0.87194518478	0.728338068182
34	29377.0583441	33451.8367728	0.878189695343	0.728338068182
35	28829.2667299	33156.3417718	0.869494799166	0.728338068182
36	28603.5438407	33840.4849836	0.845246273939	0.728338068182
37	28652.093398	33577.4959455	0.853312392456	0.728338068182
38	28048.7488061	30201.7384672	0.928713055262	0.728338068182
39	26769.1289778	28957.2419187	0.924436417424	0.728338068182
40	23457.5842637	16872.7430399	1.39026500956	0.72265625
41	17948.7163669	44063.4950621	0.407337555534	0.728338068182
42	27308.7657121	6487.89964517	4.20918435944	0.683948863636
43	26160.5938537	24128.9238365	1.08420060633	0.728338068182
44	16661.8389135	28562.4189686	0.583348312754	0.728338068182
45	24268.1909962	20119.9301316	1.20617670327	0.72265625
46	21363.3778859	27614.8211932	0.773619996903	0.728338068182
47	23973.3934289	37026.7382481	0.647461660497	0.728338068182
48	25989.5693606	48348.173997	0.53755017433	0.271661931818
49	28198.1550569	22845.287254	1.23430949865	0.310014204545
50	21783.9548708	50235.3453598	0.433638003576	0.271661931818
51	27957.7340256	25397.7814298	1.10079433918	0.304332386364
52	21036.1491516	38678.5431228	0.54387129021	0.728338068182
53	25825.7104008	10016.3348074	2.57835933977	0.709161931818
54	26943.2140838	24293.2811793	1.1090808971	0.728338068182
55	22007.6078878	20371.700678	1.08030292786	0.313920454545
56	22637.9189393	44255.8581673	0.511523668883	0.279474431818
57	26375.0980689	34922.1226577	0.755254722844	0.279474431818
58	24300.8233624	39068.7944714	0.622000849813	0.279474431818
59	26112.565615	27848.9452151	0.937650076628	0.302556818182
60	21381.5206888	49725.3942584	0.429991979101	0.275568181818
61	28135.987429	14135.1127368	1.9905032208	0.338778409091
62	22248.8704151	36879.4396262	0.603286564021	0.279474431818
63	23166.1543176	42598.9406853	0.543819962303	0.283380681818
64	25523.7404916	30010.1972042	0.850502258214	0.29296875
65	21897.2223355	44332.5178725	0.49393139362	0.283380681818
66	24192.9888002	35856.2046361	0.674722521408	0.2890625
67	23306.6193524	38942.6755502	0.598485312657	0.279474431818
68	23572.0537281	36758.1261315	0.641274629825	0.2890625
69	22944.0903782	37578.3327613	0.610567012751	0.2890625
70	22443.4613929	43468.2970291	0.516317935755	0.283380681818
71	23299.7447588	39131.3983149	0.595423260147	0.28515625
72	23178.194357	39564.7376535	0.585829598062	0.28515625
73	23023.6721405	38461.9377353	0.598609261421	0.28515625
74	22764.7572497	36682.0501674	0.620596644565	0.2890625
75	23057.9481321	36770.7320604	0.62707340431	0.2890625
76	23044.9859911	33919.0724133	0.679410855058	0.2890625
77	21611.1436257	40235.3532425	0.537118277437	0.28125
78	22476.0480342	36796.0166901	0.61082829219	0.2890625
79	21488.649579	38665.4533826	0.555758375994	0.28125
80	21215.9103239	41807.1494231	0.507470866027	0.28125
81	21902.4482791	40708.8881573	0.538026196994	0.28125
82	23428.5999574	32342.5689211	0.724388962874	0.29296875
83	22087.2262433	38144.2764645	0.579044309935	0.28125
84	22882.5892564	33171.1235745	0.689834614887	0.2890625
85	21815.2880576	40279.6294636	0.541596046145	0.28125
86	22951.9425071	32383.3641422	0.708757200342	0.29296875
87	21782.6004998	39191.2951023	0.555802007638	0.28125
88	21799.8271561	37724.8657024	0.577863611976	0.28515625
89	21713.9881031	36779.1589169	0.590388381425	0.28515625
90	20962.3496627	41111.3677903	0.50989180826	0.28125
91	21411.710083	35597.2397389	0.601499167914	0.28515625
92	21174.345818	39558.061149	0.535272589278	0.28125
93	21688.8147764	38002.2122769	0.570725057226	0.28515625
94	21778.4699625	42020.3030642	0.518284457141	0.28125
95	22572.1919032	31852.2417081	0.708653165138	0.2890625
96	20668.5081566	38135.2744563	0.541978744124	0.28515625
97	21264.270276	36387.4315628	0.584385029741	0.28515625
98	19474.5126584	27241.1459662	0.714893297167	0.298650568182
99	19654.9872891	36726.8969008	0.535166021301	0.728338068182
100	27828.9820245	28967.5355827	0.960695532593	0.728338068182
101	25477.2792659	27452.0681116	0.928064113868	0.728338068182
102	20919.8273749	38546.2216984	0.54272056905	0.728338068182
103	25357.9974224	29499.0976793	0.859619426266	0.2890625
104	22329.2251017	32493.3458952	0.687193777265	0.2890625
105	20878.0096813	43925.2427986	0.475307780928	0.275568181818
106	23805.4141818	25425.4089923	0.936284414895	0.296519886364
107	21629.7182381	36290.3892338	0.596017807874	0.28125
108	21961.4852851	39395.3174559	0.557464356259	0.28515625
109	21208.3089012	39056.889809	0.543010695551	0.28515625
110	20745.5479324	37418.120845	0.554425167912	0.28515625
111	18905.3619511	13966.5599869	1.35361620677	0.363636363636
112	17891.478416	36957.9509756	0.484103635177	0.28515625
113	18615.2453365	6121.78148655	3.04082159375	0.595525568182
114	23828.4328668	24186.0012927	0.985215893209	0.728338068182
115	21973.2160768	9329.08294145	2.35534577351	0.687855113636
116	26031.2421903	19293.9334107	1.3491931187	0.72265625
117	23587.0410604	9684.88619339	2.4354484492	0.693536931818
118	26206.4310363	19919.3257273	1.31562842011	0.728338068182
119	23345.0633737	9816.90940128	2.37804612627	0.703125
120	25954.5423685	18740.548369	1.38494039008	0.72265625
121	22971.4083309	8363.85591581	2.74650933279	0.699573863636
122	25970.3564061	20243.3701637	1.28290675891	0.728338068182
123	22749.0342982	8761.26111386	2.59654791731	0.687855113636
124	25588.3880773	20628.6083968	1.24043210211	0.728338068182
125	22560.8300007	8610.04035396	2.62029317787	0.687855113636
126	25426.6094679	20039.4694794	1.26882647737	0.728338068182
127	22993.9834336	10652.515593	2.15854961515	0.701349431818
128	25125.7491336	19136.8781152	1.31294921682	0.728338068182
129	22296.694911	8839.74346324	2.52232375337	0.683948863636
130	24726.0110038	20282.3825483	1.21908809011	0.728338068182
131	22588.3334133	11008.960481	2.0518134707	0.697443181818
132	24185.862635	15963.1558615	1.51510533662	0.728338068182
133	22831.4775346	12104.6807095	1.88616933255	0.699573863636
134	23827.3876685	15524.442919	1.53483044724	0.728338068182
135	22777.9786706	12068.6271093	1.88737115368	0.699573863636
136	23679.3349041	15098.823095	1.56829010812	0.728338068182
137	22492.8140456	11849.8571162	1.89815065491	0.697443181818
138	23262.1126623	15807.1870639	1.47161620649	0.728338068182
139	22165.0445681	11183.984156	1.98185586271	0.693536931818
140	22279.1717888	13043.5628618	1.70805875855	0.707386363636
141	22384.1527805	13436.3079051	1.66594520895	0.713068181818
142	22797.7218938	14771.3403964	1.54337529852	0.72265625
143	22300.9862783	12984.5792324	1.71749780098	0.709161931818
144	21318.1978871	10621.209036	2.00713476354	0.687855113636
145	22064.2530515	13562.8884541	1.6268107731	0.713068181818
146	22147.427537	12523.637757	1.7684500276	0.697443181818
147	21534.4647284	11388.8667997	1.89083471666	0.687855113636
148	21479.899837	11821.8245481	1.81696993976	0.691761363636
149	21549.6287616	11808.8194653	1.82487579093	0.697443181818
150	21601.6469542	12096.9232186	1.78571414929	0.697443181818
151	20485.6013314	10709.2496036	1.91288858602	0.682173295455
152	21822.1960004	13073.0026067	1.66925660898	0.697443181818
153	20483.9913203	11556.4929535	1.77250930735	0.697443181818
154	21041.8781558	13767.1270442	1.52841461317	0.70703125
155	21028.9833822	13381.8901945	1.57145089943	0.70703125
156	20126.2185742	10830.5353139	1.85828474687	0.691761363636
157	20793.6076142	13562.5450489	1.53316413249	0.70703125
158	21423.8043535	14893.2535456	1.43849054123	0.71875
159	21221.5726184	13539.9292233	1.56733261072	0.70703125
160	21217.6273879	12886.6292091	1.6464838899	0.703125
161	21177.9069162	13270.2733739	1.5958907793	0.70703125
162	20958.6355494	13100.8098244	1.59979694616	0.70703125
163	20267.2304222	11572.4743278	1.75133077404	0.695667613636
164	20606.9715333	12627.480547	1.63191473205	0.691761363636
165	20130.0878118	11612.4228177	1.73349594032	0.695667613636
166	20886.8690132	13762.2114438	1.51769714472	0.701349431818
167	19108.5373158	9157.48546431	2.08665767369	0.659090909091
168	18820.3656512	8851.04816998	2.12634315053	0.659090909091
169	18245.6243775	8432.17040855	2.16381115342	0.629971590909
170	17932.7046161	8656.77487291	2.07152257964	0.649502840909
171	18427.5235983	9017.84861663	2.04345009344	0.662997159091
172	18818.7510839	10055.1587526	1.87155186178	0.686079545455
173	18815.6568135	9629.57615406	1.95394444287	0.678267045455
174	18806.4238946	9799.53064626	1.91911475901	0.682173295455
175	18572.7944584	9512.70957043	1.95241895286	0.682173295455
176	18998.2916493	10591.792083	1.79368056891	0.695667613636
177	18881.5638682	9916.50168728	1.90405492417	0.678267045455
178	18349.1216678	10380.811565	1.76759991769	0.686079545455
179	18123.0119554	9923.37779031	1.82629466885	0.678267045455
180	18782.9423751	11278.2038265	1.66541965937	0.695667613636
181	17107.8765526	8751.11674716	1.95493638663	0.628196022727
182	17844.1117014	10298.9522336	1.73261427927	0.686079545455
183	19002.9313491	13018.6438999	1.45967056901	0.695667613636
184	17817.7822688	9092.26247694	1.95966430951	0.662997159091
185	18689.1669597	12084.0872428	1.54659318359	0.701349431818
186	18726.5761074	11603.9763994	1.6138068075	0.701349431818
187	14807.4415195	11186.9300802	1.32363762116	0.487571022727
188	18821.8915735	36498.8666599	0.515684274498	0.728338068182
189	19655.4754837	8452.23050411	2.32547792848	0.610795454545
190	15852.0157396	10376.8690032	1.5276299368	0.70703125
191	19021.7104272	13954.0037235	1.36317223387	0.701349431818
192	17920.3489295	9567.66109757	1.87301251024	0.680397727273
193	18433.8452392	12093.1226457	1.52432467438	0.701349431818
194	19624.142349	13449.1936313	1.45913152022	0.7109375
195	19641.5951692	14004.2825856	1.40254204734	0.70703125
196	11848.1359621	8528.25543454	1.3892801468	0.595525568182
197	7216.92293749	8926.72144209	0.808462881284	0.539772727273
198	20050.5500247	34436.6310084	0.582244820054	0.728338068182
199	23357.4394963	30946.9033849	0.754758536121	0.728338068182
200	25945.1885039	25641.0551342	1.01186118777	0.724431818182
201	18752.9557937	22604.3337332	0.82961771911	0.728338068182
202	15273.0306961	29499.7622776	0.517734026206	0.728338068182
203	24213.8119938	23075.7181437	1.04931997535	0.724431818182
204	12641.3366397	13240.7134873	0.954732284767	0.70703125
205	18096.4044812	9849.10958317	1.83736451792	0.680397727273
206	17624.1046374	10752.8468017	1.63901755158	0.688210227273
207	17797.0248767	10591.3488075	1.68033601765	0.688210227273
208	18029.4373644	11836.9017772	1.52315510458	0.705255681818
209	17769.2788146	10434.143682	1.70299349483	0.693892045455
210	17592.9469732	10458.6820601	1.68213804302	0.693892045455
211	18681.4988609	15550.8738481	1.20131505428	0.705255681818
212	11526.0513894	11556.3408868	0.997378971618	0.7109375
213	11682.4006328	10878.0160769	1.07394588777	0.514559659091
214	17523.2423974	22393.8168377	0.782503604651	0.728338068182
215	14854.7131401	28325.2402366	0.52443379177	0.728338068182
216	19191.4524802	16536.9084191	1.16052238991	0.388849431818
217	16332.0961067	10119.1476866	1.61397941927	0.504616477273
218	15393.967716	8614.12252519	1.7870616155	0.579900568182
219	7201.92777433	13364.6562638	0.538878638717	0.466974431818
220	13313.844803	12762.1248263	1.04323104375	0.695667613636
221	12773.3909767	21072.2930756	0.606169956488	0.373224431818
222	16360.6048426	17805.4414576	0.918854209908	0.71875
223	14548.6183167	14906.5590047	0.975987705282	0.405894886364
224	9716.77807035	13948.5771095	0.696614285032	0.701349431818
225	11662.1125065	26781.0563725	0.435461258295	0.728338068182
226	19461.3270558	11585.9818022	1.67973050433	0.686079545455
227	12082.4478754	15866.3160781	0.761515642063	0.71484375
228	11958.6061474	32978.9658935	0.362613133049	0.728338068182
229	21066.5571024	9284.57477655	2.26898459105	0.661221590909
230	12501.5603222	42579.3366034	0.29360627289	0.728338068182
231	23869.6816537	9313.96490773	2.56278415156	0.512784090909
232	19718.1664631	34966.4975507	0.563915972267	0.728338068182
233	22316.1629092	29772.5755671	0.74955432925	0.728338068182
234	23149.0065302	17291.5299783	1.33874830967	0.71875
235	17781.9397279	9198.39225215	1.93315736494	0.632457386364
236	13121.3561495	19098.2297762	0.687045674039	0.375355113636
237	20279.2570413	29385.855087	0.69010266951	0.319602272727
238	19173.5089537	31257.0635156	0.6134136351	0.315696022727
239	19373.3375541	32982.4827315	0.587382633132	0.315696022727
240	20110.1913739	30204.109919	0.665809766545	0.319602272727
241	19599.6947759	32406.9489143	0.604799138227	0.313920454545
242	20814.811292	30557.1428761	0.681176619699	0.313920454545
243	20569.258678	28391.6763734	0.724482006892	0.323508522727
244	20072.0892511	29056.2629003	0.690800786045	0.317826704545
245	19665.2064455	31918.6159914	0.616104609636	0.317826704545
246	19106.3901822	28791.7004271	0.663607563945	0.325639204545
247	17045.9686469	8474.6913501	2.01139698695	0.566761363636
248	13408.9944405	17792.9683118	0.753612000286	0.71484375
249	17456.7568974	8424.59544813	2.07211812186	0.632457386364
250	13202.0246481	23642.3310046	0.558406218302	0.337002840909
251	17916.9092283	34217.0681632	0.523624909734	0.302201704545
252	17480.7246778	8364.80787315	2.08979392508	0.576704545455
253	9766.98891349	31649.9921958	0.308593722648	0.728338068182
254	24640.9050265	25761.8217351	0.956489229679	0.724431818182
255	18049.2232177	27524.6440588	0.655747742976	0.728338068182
256	20452.3541861	37468.7006894	0.545851705817	0.728338068182
257	15118.7728009	16853.3542904	0.897077966817	0.360085227273
258	17963.6351065	29188.1750688	0.615442214668	0.319602272727
259	19963.5267869	29195.3910062	0.683790355218	0.323508522727
260	19803.3454435	32786.3223797	0.60401240536	0.302201704545
261	19948.5242824	32406.7181055	0.615567556623	0.310014204545
262	19867.9910956	31878.8662747	0.623233929476	0.313920454545
263	19492.3943915	32115.9121412	0.606938837851	0.313920454545
264	19525.0931612	33457.1758568	0.583584617088	0.306107954545
265	19382.0401867	30024.2929818	0.645545265577	0.325639204545
266	19064.6140425	30361.1277243	0.627928389738	0.325639204545
267	16750.7808399	32472.3154786	0.515848056814	0.304332386364
268	19401.8913585	28351.3024719	0.684338625279	0.325639204545
269	18326.3378972	30931.9617381	0.592472538675	0.312144886364
270	14869.8566655	34952.8467976	0.425426196373	0.728338068182
271	22199.6545962	25058.3950116	0.88591685884	0.724431818182
272	12250.646145	32986.984479	0.371378176529	0.728338068182
273	19767.1745007	8655.34036094	2.28381249915	0.591974431818
274	10791.0014983	24178.2130492	0.446310960875	0.331321022727
275	18574.9747647	35002.6764919	0.530672983508	0.290838068182
276	19956.6073605	32824.6240979	0.607976722019	0.300426136364
277	18011.6256131	31820.0022874	0.566047275874	0.308238636364
278	18614.8678746	28418.7108673	0.655021544135	0.316051136364
279	16275.7571895	21279.947975	0.764840083659	0.360085227273
280	15300.2698372	21803.1297882	0.701746491712	0.352272727273
281	16506.0957275	29783.6464784	0.554199961358	0.312144886364
282	17117.5617298	32434.1718622	0.527763181454	0.294744318182
283	17438.4142344	32373.5707706	0.538662057328	0.294744318182
284	17411.6665623	32212.9355107	0.540517847452	0.294744318182
285	14999.5553192	24768.5845633	0.605587908381	0.724431818182
286	20737.9889704	35838.2492677	0.578655190869	0.728338068182
287	14310.0109469	12263.0618174	1.1669199063	0.683948863636
288	19137.8107007	27957.3802685	0.6845351931	0.728338068182
289	17266.6409064	12344.6099647	1.3987190325	0.683948863636
290	20167.6244352	27541.4576641	0.73226423529	0.724431818182
291	18927.7478428	38818.8176491	0.487592074904	0.728338068182
292	12790.9156342	13285.6347382	0.962762855243	0.674360795455
293	19372.3556363	30043.4389427	0.644811523514	0.728338068182
294	21590.4228909	15960.6853022	1.35272530484	0.689630681818
295	14455.7116165	40169.1501498	0.359870984639	0.728338068182
296	19701.9643587	24253.2926201	0.812341840231	0.337002840909
297	17332.7226943	38010.0315929	0.456003901283	0.28125
298	18848.119525	33077.1902993	0.569822265871	0.300426136364
299	18164.874475	31295.2508204	0.580435497361	0.306463068182
300	18695.5530368	35121.3080083	0.532313689238	0.290838068182
301	18120.4645697	27979.0632154	0.647643719526	0.310369318182
302	16529.8460321	31888.9593284	0.518356396075	0.294744318182
303	15516.3059626	13183.742691	1.17692724489	0.484730113636
304	11657.4649859	26851.4811161	0.434146069467	0.724431818182
305	16611.0492651	17419.776581	0.953574185517	0.705255681818
306	13938.5602051	20016.4504082	0.696355243853	0.340909090909
307	12781.6050228	15901.6411816	0.803791563204	0.689630681818
308	12676.66614	38332.2067719	0.330705357388	0.728338068182
309	12453.3770423	32340.6073265	0.385069362382	0.728338068182
310	19184.4872662	9882.92028308	1.94117595981	0.534090909091
311	18574.7357046	34876.0583804	0.53259274606	0.728338068182
312	21861.9489137	27352.4843524	0.799267394948	0.724431818182
313	16830.4105003	18367.6978632	0.91630484265	0.7109375
314	15112.2060821	20739.3446288	0.728673270666	0.346590909091
315	13919.5468236	11080.8371717	1.25618187579	0.519176136364
316	12175.431519	22466.7684116	0.54193069942	0.337002840909
317	16969.8364078	37186.1925286	0.456347780019	0.275568181818
318	18699.820601	31402.6187595	0.595486024406	0.306463068182
319	17941.0094574	34555.0156364	0.519201312083	0.286931818182
320	16511.7277347	11421.2781926	1.44569876123	0.680397727273
321	18951.0321435	27884.0024858	0.679638160024	0.724431818182
322	17388.060845	30271.0921974	0.574411413094	0.728338068182
323	17773.0432287	19925.8916069	0.891957237315	0.356178977273
324	12860.8881887	37516.3395854	0.342807649435	0.728338068182
325	17579.099202	11929.0278576	1.47364055243	0.502130681818
326	14996.2997424	39716.3553967	0.377584992194	0.728338068182
327	17719.9648929	40281.5950226	0.439902265115	0.728338068182
328	18634.381048	9662.16711046	1.9285922956	0.6171875
329	17192.8672743	28138.630166	0.611005836917	0.724431818182
330	16207.9218144	19000.0634885	0.853045666096	0.71484375
331	16244.4911323	10310.4327649	1.57553921379	0.651633522727
332	16695.8634712	10710.0039264	1.5589035808	0.517045454545
333	17222.7939472	38267.3592634	0.450064866735	0.728338068182
334	20875.0735169	17801.5319474	1.17265601514	0.703125
335	17156.6909641	10655.8975099	1.61006531342	0.505326704545
336	17198.200089	36824.9701889	0.467025499295	0.728338068182
337	15281.7982477	23591.0135332	0.64778048752	0.340909090909
338	17249.5793104	38077.9805765	0.453006673392	0.28125
339	18859.1710748	37046.6820966	0.509065050025	0.275568181818
340	18808.0259671	32704.3294536	0.57509284799	0.308238636364
341	18817.7242874	36415.3403734	0.516752667815	0.28125
342	18697.7105159	35027.9011325	0.533794772494	0.290838068182
343	16371.3035706	13287.780628	1.23205703262	0.5078125
344	11531.4642488	9777.15324265	1.17942963177	0.543678977273
345	9576.82932392	27896.43934	0.343299343949	0.724431818182
346	15778.0755728	13437.0288771	1.17422353685	0.496448863636
347	8488.24699076	13278.8283806	0.639231621006	0.683948863636
348	12558.2382009	22099.6693019	0.568254575637	0.720525568182
349	6167.63160085	17749.0650015	0.347490507264	0.697443181818
350	11760.2686373	14493.8157108	0.811399073367	0.444247159091
351	9552.00989703	41175.4330829	0.231983228392	0.728338068182
352	21579.6585067	30248.1318938	0.713421198454	0.308238636364
353	16132.3811847	26937.7543628	0.598876245116	0.308238636364
354	16994.7584621	34072.6606358	0.498779905795	0.286931818182
355	16846.7423532	25015.0855101	0.673463312624	0.316051136364
356	15906.4858026	26101.7815284	0.609402304025	0.310369318182
357	17335.0173937	36764.3996504	0.471516400608	0.28515625
358	16110.3247517	13756.9884968	1.17106478322	0.477272727273
359	7267.73112145	18277.5617138	0.397631327157	0.356534090909
360	12287.9713138	13723.0136227	0.895428048941	0.678267045455
361	19034.0726062	28089.8614855	0.677613615715	0.724431818182
362	18027.3123338	40326.4004037	0.447034998247	0.728338068182
363	17609.3157726	33081.9665084	0.532293500996	0.728338068182
364	18630.8959893	15035.5566749	1.23912246098	0.457741477273
365	10307.4406025	40599.0509553	0.253883782009	0.728338068182
366	19862.2497237	29887.5193692	0.664566686794	0.312144886364
367	16263.0797192	28724.8930765	0.5661667626	0.308238636364
368	17322.6630361	38178.8786774	0.453723724641	0.279474431818
369	17338.1650911	26137.4120374	0.663346664403	0.312144886364
370	15691.1483089	23062.4004335	0.680377931782	0.331321022727
371	13179.0429683	12987.4522922	1.01475198306	0.683948863636
372	19041.1984283	27958.5585035	0.681050792585	0.724431818182
373	14994.0211805	11762.7922989	1.27469913601	0.51953125
374	12121.1259247	9576.05573816	1.26577437059	0.618963068182
375	18172.3142679	27152.6050794	0.669265958636	0.724431818182
376	9625.88503825	30520.5104568	0.315390696098	0.728338068182
377	16892.921403	14583.3236321	1.15837252393	0.465553977273
378	11035.0625169	41833.8856929	0.263782872046	0.728338068182
379	21309.2549425	28646.6794427	0.743864746529	0.308238636364
380	15959.5139849	19763.2291218	0.807535746641	0.344815340909
381	11872.4237476	21984.0817511	0.540046379102	0.720525568182
382	10643.4448687	40665.0127047	0.261734699211	0.728338068182
383	16732.6452726	40840.5754843	0.409706402865	0.728338068182
384	20540.1758739	41738.0352928	0.492121292481	0.275568181818
385	16566.9652654	15937.5345988	1.03949360315	0.446377840909
386	6140.41159945	21357.0075021	0.28751273318	0.71484375
387	9339.39372531	16965.9345179	0.550479180234	0.693536931818
388	13517.7633541	33031.2631107	0.40924149067	0.728338068182
389	17738.4973209	21942.395638	0.808412062816	0.317826704545
390	15602.0069327	29566.2146651	0.527697140449	0.298650568182
391	16362.9533354	29343.3330875	0.557637855475	0.298650568182
392	15996.8098388	25522.181421	0.626780664824	0.302556818182
393	14662.4601796	10964.9027472	1.33721753103	0.528764204545
394	16864.3764991	37899.9483644	0.444970962412	0.728338068182
395	20172.2763317	14581.8104185	1.38338627047	0.678267045455
396	20362.0559943	13643.7350997	1.4924106812	0.678267045455
397	19967.0270509	13238.5800989	1.5082453633	0.682173295455
398	19466.5744636	11870.527192	1.63990816487	0.684303977273
399	17900.3380933	9796.41824224	1.82723293868	0.61328125
400	11005.3965106	19034.3372883	0.578186481828	0.365767045455
401	12460.9542164	11878.5617404	1.0490288714	0.680397727273
402	17508.5271637	27153.7426479	0.644792410046	0.724431818182
403	9175.39153158	16625.7588415	0.551878059767	0.442471590909
404	12639.5070179	9831.28790205	1.28564102118	0.580610795455
405	15336.9376308	26990.1502982	0.568242023898	0.724431818182
406	8983.33233862	9856.8764643	0.911377186389	0.571022727273
407	12237.4219711	14423.8097635	0.848418148312	0.668678977273
408	12479.4283895	11013.7382836	1.13307834889	0.667258522727
409	18323.4271698	27646.2143782	0.662782503207	0.724431818182
410	14329.9536976	19889.2583091	0.720487082773	0.358309659091
411	13677.3626503	9876.71724436	1.38480856664	0.586292613636
412	15408.7437409	26976.5641822	0.571190001693	0.724431818182
413	8860.60610851	15938.1586333	0.555936624324	0.434659090909
414	7481.86743315	14906.6509903	0.501914711629	0.461647727273
415	10553.0475849	21565.4170737	0.489350498011	0.71484375
416	15270.5454691	11581.8051628	1.318494419	0.501775568182
417	17267.4939113	37202.0069616	0.464154902426	0.728338068182
418	18468.5051578	10715.5679133	1.72352089103	0.663352272727
419	13174.6428439	23787.7066812	0.553842496059	0.323508522727
420	13987.6919424	27433.5881344	0.509874678948	0.724431818182
421	17065.5084034	19632.9355766	0.86922856426	0.352627840909
422	14255.2069741	20505.6010051	0.6951860114	0.348721590909
423	12149.3561402	15220.1177836	0.798243240494	0.683948863636
424	10992.2914279	13394.4735586	0.820658712704	0.678267045455
425	17052.5922036	27878.1928592	0.61168212336	0.724431818182
426	15348.1877586	11933.0588016	1.28619057475	0.501775568182
427	13893.8870211	28373.6556406	0.48967560603	0.724431818182
428	15432.7521119	13911.7850075	1.10932939976	0.471235795455
429	11785.2234462	10057.141303	1.17182637602	0.618963068182
430	11587.196803	17519.0054697	0.661407225598	0.697443181818
431	11513.4914743	33005.6883018	0.348833551631	0.728338068182
432	18426.7176194	9945.49412186	1.85277044998	0.609375
433	10615.9153291	15857.5869353	0.669453389873	0.442471590909
434	9969.9402591	20551.7675512	0.485113518059	0.7109375
435	11992.3987871	19709.7120801	0.608451241621	0.352627840909
436	16214.1145168	39307.1142189	0.412498216648	0.275568181818
437	15020.8962375	11905.8765003	1.26163716188	0.678622159091
438	14487.1093368	15098.0638453	0.959534247915	0.683948863636
439	12168.5001742	12087.8828234	1.00666926971	0.678622159091
440	18431.1801655	27782.7198705	0.663404456131	0.724431818182
441	16109.7919908	29663.3034207	0.543088265063	0.724431818182
442	17212.4626604	19382.9017423	0.888023005495	0.348721590909
443	15579.017867	38226.3551361	0.407546516311	0.2890625
444	15610.2359395	9910.44284792	1.57513000973	0.598011363636
445	14896.066899	26111.0952252	0.570488015553	0.724431818182
446	14520.000317	15645.1113405	0.928085457558	0.683948863636
447	14839.5660051	18208.0092073	0.815002114519	0.375355113636
448	5971.99215361	12565.7368348	0.475260005212	0.5
449	7269.7898638	13124.3181296	0.553917528667	0.488636363636
450	10719.1035639	9770.23884157	1.09711786351	0.595880681818
451	10956.5046958	18947.5119442	0.578255589867	0.350497159091
452	12885.5425981	10787.1677582	1.19452509565	0.667258522727
453	16754.2067361	25696.4423361	0.652004916361	0.71875
454	8108.11200844	24124.471609	0.336094905615	0.329190340909
455	16328.8828033	34709.3544668	0.470446168019	0.304332386364
456	17414.6963408	35377.5855232	0.49225225756	0.294744318182
457	15057.1372631	9946.88500304	1.51375403038	0.632457386364
458	18328.0614985	26384.5629162	0.69465094255	0.71875
459	8819.70823337	31812.902442	0.277236830228	0.724431818182
460	16971.5842902	9812.50038109	1.72958814074	0.584517045455
461	8145.5640247	9862.17394017	0.825940008169	0.586292613636
462	8961.18674409	32895.2016341	0.272416227867	0.724431818182
463	17095.3989283	22334.0114903	0.765442380815	0.348721590909
464	16720.6102876	40308.1201439	0.414819898024	0.279474431818
465	14297.2472935	27417.3358617	0.521467416295	0.724431818182
466	16539.992346	14025.8085844	1.17925410478	0.480823863636
467	13580.9445312	15250.3876343	0.890531103662	0.683948863636
468	15191.454664	16155.5905035	0.940321844674	0.415838068182
469	9471.67397559	19309.1714496	0.490527208811	0.344815340909
470	10160.7844631	44538.6092579	0.228134300384	0.728338068182
471	22226.5620628	9999.56296341	2.22275334874	0.60546875
472	16472.1316495	27033.8655527	0.609314698906	0.724431818182
473	15528.9658561	20664.8856019	0.751466335467	0.7109375
474	13471.9762266	22987.2908957	0.586061936909	0.344815340909
475	13752.7145304	10114.9167655	1.35964683143	0.61328125
476	15588.0416561	25327.5514718	0.615457900597	0.71875
477	10162.3850855	43876.3133313	0.231614379467	0.728338068182
478	21649.8184905	10181.3780226	2.12641338358	0.61328125
479	10758.427074	10293.3934851	1.04517786963	0.6171875
480	15929.0698587	26882.9211589	0.59253493192	0.71875
481	12563.4836578	21362.0215766	0.588122412137	0.7109375
482	14894.4477115	10839.0381126	1.37414847672	0.516690340909
483	10082.3504928	10984.6199146	0.917860660738	0.509232954545
484	16524.4416493	37030.729205	0.446235923624	0.728338068182
485	13107.4694029	10198.8044084	1.28519666404	0.601917613636
486	8787.05997588	31567.234708	0.278360143267	0.724431818182
487	16724.3438895	19880.7185753	0.841234376222	0.346590909091
488	15729.1400209	37137.207288	0.423541272205	0.294744318182
489	14662.9285883	17255.2933722	0.849764085261	0.687855113636
490	11228.8378815	30926.85513	0.363077261957	0.724431818182
491	16688.8389059	15680.8973501	1.0642783084	0.450284090909
492	5891.15322405	17657.7976904	0.333628990848	0.693536931818
493	10277.1083823	14583.5236273	0.70470680783	0.455610795455
494	10845.6247118	10444.6917895	1.03838628563	0.547940340909
495	12504.531049	15770.5250621	0.792905182275	0.687855113636
496	14284.4827665	17373.3775604	0.822205280283	0.388849431818
497	11094.7220882	10186.1269803	1.08919927168	0.609375
498	9613.20433926	11323.9047065	0.848930169265	0.520951704545
499	14880.2248724	39150.7109195	0.380075470481	0.728338068182
500	13288.255314	24304.4601983	0.54674142958	0.340909090909
